0.0 0.5275580028921925 0.5262612828890131 0.039448605272485726 0.06429205005143596
0.0 0.11010873391788907 0.44267850140266285 0.05160721540312588 0.106871753116702
0.0 0.6206736821887819 0.4667740375065561 0.0316459675385552 0.05706526690430075
0.0 0.9237598014539159 0.6197754227648604 0.03932543963416024 0.06622694426816633
0.0 0.2954751849039492 0.677223053648678 0.0511668388605121 0.08245254892864984
0.0 0.6040659556622641 0.39327057964013523 0.025472736779938776 0.04201213018745831
0.0 0.7008407481642036 0.3482038937515847 0.027262938592165553 0.03810972981525251
0.0 0.5893543179948727 0.2383228948128096 0.051471592084912254 0.06826197833083081
0.0 0.7910057295779196 0.1865514025464304 0.030088133873393597 0.06691359574366246
0.0 0.5530487870924806 0.17712106717220788 0.032077424363188056 0.06521985147840889
0.0 0.47091768337553974 0.5473441872284268 0.019482698808328924 0.03891052665808237
0.0 0.6799069148508303 0.0367088068264243 0.021115389776297344 0.04224617927230705
0.0 0.2939446200511194 0.5633196488457392 0.03226354335899595 0.0627539042042271
0.0 0.7316455158057031 0.5247704335687646 0.03190460427545794 0.055639402494909285
0.0 0.9112450698769741 0.7546898815459988 0.06382249539572693 0.07163036702812098
0.0 0.3382697343827449 0.12962600118864517 0.02275464315999315 0.03966441632871602
0.0 0.7238878192126168 0.14533605208361738 0.024382289722421624 0.039828537712533724
0.0 0.2925733957332043 0.28267217734372874 0.03692774139238436 0.052551335996913306
0.0 0.4999611607653043 0.25942514830389823 0.02337459558204008 0.03845181920249674
0.0 0.8408954396490871 0.3497733623558569 0.031332417566259596 0.05240403024701634
0.0 0.47290443923811476 0.1452722328832841 0.02171722456078956 0.040727223428542264
0.0 0.6973564543765118 0.24810116593239046 0.029346311767962097 0.04501503978474841
0.0 0.7015932504915245 0.3939472026607648 0.019931257131706848 0.0354059167441273
0.0 0.6680963770637818 0.48583142824230946 0.02229136893903616 0.03583918397642616
0.0 0.7781516911652807 0.3207554173255298 0.02443765368333506 0.03463708149305128
0.0 0.5603087678519589 0.5684652450090708 0.017860347111442798 0.03633993604963204
0.0 0.2265018246991303 0.49055628881692503 0.02349744325040598 0.03985125314314347
0.0 0.3273637007747694 0.5700302852673063 0.019978933864849002 0.031248177774771513
0.0 0.055691277688803796 0.2694634170002528 0.020724478896127815 0.03802916267832962
