0.0 0.608163708181007 0.2818572184223358 0.05977459325750989 0.06959098315744555
0.0 0.83132180025645 0.8167228405142369 0.046567929561251664 0.0686855274913083
0.0 0.7165518825276186 0.13100614943637592 0.12622091819051762 0.10367277409486247
0.0 0.6608661886460503 0.41719233735065586 0.04432111406643735 0.06116686786292819
0.0 0.558749082674843 0.7663877348783834 0.046720649062879094 0.04797227534236137
0.0 0.5213907471543452 0.4647107882235477 0.14278787823085182 0.12690776227779255
0.0 0.464011774192443 0.7286086549027126 0.04748702628988505 0.06083532962511118
0.0 0.1708420249932749 0.48369152918103286 0.09885463908971096 0.0755221439965223
0.0 0.5878211595149934 0.8284317514101489 0.03548572257053484 0.03626975423589107
0.0 0.43559941085859133 0.6153749347478257 0.03792553758848061 0.04374020575972859
0.0 0.36558734567840445 0.8331659295203573 0.10321104769591127 0.05431558763039812
0.0 0.9185854463708509 0.8713138545273205 0.09503952172916552 0.05600728378761277
0.0 0.24587011149080218 0.1249418840845595 0.10731114255073029 0.08953355948962088
0.0 0.22581489589192477 0.10223825508762671 0.1601655415296249 0.15153068453390145
0.0 0.22928625134108496 0.744139622674266 0.11602335500123523 0.08117511660208021
0.0 0.6905038520382852 0.27093018077166714 0.036616986422678854 0.045176907290349094
0.0 0.40958096922376397 0.40395141803915013 0.0914257391962538 0.05423444548895784
0.0 0.09910773633852565 0.6984390126288607 0.05379084755186715 0.048997737041464595
0.0 0.43963342446705556 0.07433582004032531 0.09695981716020036 0.10651547490030908
0.0 0.8378634894430161 0.732559708873347 0.07858781602586895 0.07565993146946393
0.0 0.8565991573045195 0.5879974129867558 0.024732830114519655 0.02551385321358557
0.0 0.310821825348708 0.1385014202031537 0.03640048265889584 0.07542344303287181
0.0 0.5369635100719852 0.24651426157381257 0.035868084613697504 0.026180501193026146
