0.0 0.6857489943504333 0.30137598514556885 0.030725955963134766 0.07718300819396973
0.0 0.5556399822235107 0.5659180283546448 0.03587996959686279 0.05533301830291748
0.0 0.5422149896621704 0.47064098715782166 0.02177596092224121 0.04498797655105591
0.0 0.8714529871940613 0.35148799419403076 0.019425034523010254 0.04476499557495117
0.0 0.5245969891548157 0.21853899955749512 0.0274430513381958 0.033102989196777344
0.0 0.2088260054588318 0.12373100593686104 0.014106005430221558 0.031040005385875702
0.0 0.4785250127315521 0.7835000157356262 0.023455023765563965 0.03130900859832764
0.0 0.4784500002861023 0.1049560010433197 0.014648020267486572 0.023949995636940002
0.0 0.3734839856624603 0.1574220061302185 0.014584004878997803 0.02539399266242981
0.0 0.17789700627326965 0.2189520001411438 0.017242997884750366 0.029026001691818237
0.0 0.5945990085601807 0.3786959946155548 0.016738057136535645 0.027002990245819092
0.0 0.7105640172958374 0.14379200339317322 0.013911008834838867 0.02497801184654236
0.0 0.40957799553871155 0.28171399235725403 0.020233988761901855 0.033666014671325684
0.0 0.5154920220375061 0.4907689839601517 0.01454305648803711 0.03257998824119568
