0.0 0.9097350239753723 0.750670999288559 0.13288402557373047 0.10229498147964478
0.0 0.2744770050048828 0.6640909910202026 0.148656964302063 0.08733701705932617
0.0 0.5594149827957153 0.17500901222229004 0.27111101150512695 0.10902905464172363
0.0 0.5677599906921387 0.7284550070762634 0.06713604927062988 0.04457199573516846
0.0 0.649062991142273 0.4702649712562561 0.13294100761413574 0.08944201469421387
0.0 0.7032439708709717 0.2981659770011902 0.11839497089385986 0.07259297370910645
0.0 0.9086059927940369 0.6146079897880554 0.10669803619384766 0.04034799337387085
0.0 0.5952190160751343 0.9672629982233047 0.17228102684020996 0.06257300078868866
0.0 0.4371500015258789 0.7272480055689812 0.1068810224533081 0.08229200541973114
0.0 0.7460870146751404 0.6262370049953461 0.10587096214294434 0.0414310097694397
0.0 0.9698429703712463 0.876571998000145 0.054762959480285645 0.0435200035572052
0.0 0.07448601722717285 0.8492790013551712 0.14704203605651855 0.19566300511360168
0.0 0.5450950264930725 0.022294998168945312 0.17287099361419678 0.044589996337890625
0.0 0.37354499101638794 0.9103860035538673 0.05838191509246826 0.02335900068283081
0.0 0.4054259955883026 0.9439170006662607 0.03949397802352905 0.026356998831033707
0.0 0.3917689919471741 0.791582003235817 0.08098304271697998 0.04797399044036865
0.0 0.16072899103164673 0.4988519996404648 0.11026298999786377 0.11364302039146423
0.0 0.24797701835632324 0.06721502542495728 0.04302799701690674 0.017171025276184082
0.0 0.906063973903656 0.9608850013464689 0.12086498737335205 0.07116999849677086
0.0 0.5466499924659729 0.8524080067873001 0.11450397968292236 0.04476800560951233
0.0 0.4575909972190857 0.3169090151786804 0.11450397968292236 0.07805800437927246
0.0 0.16815099120140076 0.9138209968805313 0.09117895364761353 0.06198699772357941
0.0 0.5339270234107971 0.9230040013790131 0.08905899524688721 0.02984599769115448
