0.0 0.34675902128219604 0.5703639984130859 0.15463006496429443 0.11013901233673096
0.0 0.4611949920654297 0.593513011932373 0.07096302509307861 0.1386699676513672
0.0 0.12735700607299805 0.6261169910430908 0.09115099906921387 0.10957598686218262
0.0 0.653205007314682 0.1942729875445366 0.13086897134780884 0.20478297770023346
0.0 0.18979698419570923 0.35948899388313293 0.0299680233001709 0.03794300556182861
0.0 0.23097902536392212 0.38962799310684204 0.034873008728027344 0.0466499924659729
0.0 0.9704299867153168 0.6255450248718262 0.03985100984573364 0.04937601089477539
0.0 0.017261028289794922 0.9440540075302124 0.0337369441986084 0.09089004993438721
0.0 0.5675930082798004 0.6092489957809448 0.024074018001556396 0.023120999336242676
0.0 0.22777801752090454 0.6942200064659119 0.02592599391937256 0.028902053833007812
