0.0 0.29494894813855804 0.2098736504666121 0.1770508833444183 0.1195351376673042
0.0 0.8399408460828892 0.3871665451019256 0.18387572814639974 0.10718213806269011
0.0 0.3190547812715087 0.8246784004753318 0.30902772631311515 0.1462571173489876
0.0 0.6011041125467913 0.28142541467622645 0.08572722677489086 0.05342866952309
0.0 0.3903538683635155 0.5224551941711512 0.1703735619720524 0.10695540398869507
0.0 0.24988774219868612 0.6831176491689442 0.14803355838212756 0.08833567555994848
0.0 0.2247506668232065 0.34329640875408696 0.12027928442900959 0.05505220893465396
0.0 0.7006355827813844 0.04354172867840181 0.192861612750165 0.08636838999875235
0.0 0.7218444533176096 0.30162516891797775 0.14241271403423605 0.09615827966133089
0.0 0.38186457525980544 0.35557088170232065 0.1200778127650573 0.05599247412313407
0.0 0.3050185084341872 0.07781573559751294 0.07367838459210635 0.05059676252379061
0.0 0.2523954121791173 0.9709543177526763 0.18399330857415624 0.05809136449464747
0.0 0.8768484965572456 0.13152345332928428 0.06648436083881515 0.0313782778060695
0.0 0.8647803613735712 0.0940415513954647 0.050502165145028366 0.03156427675714296
0.0 0.7977033947667103 0.24522503696362086 0.10037627360860824 0.05877674842416422
0.0 0.8591187856710194 0.5655619146386057 0.16197199913403082 0.12735549679279312
0.0 0.5520209645263359 0.9755977651622538 0.04897613007654822 0.023082227517417953
0.0 0.4084359292466332 0.024089062524704666 0.1495837579072749 0.04817812504940933
0.0 0.6856272947433979 0.16310118643826715 0.1298476154984618 0.06051770642199558
0.0 0.48798100632790836 0.7005295698118266 0.14727944989432473 0.09312150372955352
0.0 0.7344169981591281 0.09581291986244975 0.09838857473255946 0.04219833438297617
