0.0 0.6868360042572021 0.3060600161552429 0.04403501749038696 0.05784201622009277
0.0 0.36755502223968506 0.062084972858428955 0.06793701648712158 0.07004594802856445
0.0 0.5382040143013 0.32613497972488403 0.04897797107696533 0.0565030574798584
0.0 0.6231859922409058 0.26952797174453735 0.04644101858139038 0.05657303333282471
0.0 0.451744019985199 0.4772459864616394 0.03764796257019043 0.04567396640777588
0.0 0.44702398777008057 0.822281002998352 0.041043996810913086 0.046182990074157715
0.0 0.3689190149307251 0.8480159938335419 0.09689700603485107 0.09858900308609009
0.0 0.6713050007820129 0.030443012714385986 0.06245601177215576 0.0556340217590332
0.0 0.45662397146224976 0.41860002279281616 0.046421051025390625 0.03913700580596924
0.0 0.5835239887237549 0.14334899187088013 0.038423001766204834 0.05056798458099365
0.0 0.3064280152320862 0.454600989818573 0.045097947120666504 0.07603704929351807
0.0 0.6933499872684479 0.40827298164367676 0.0384330153465271 0.0365680456161499
0.0 0.7958170026540756 0.3464599847793579 0.04242300987243652 0.05860304832458496
0.0 0.9013030007481575 0.6845990121364594 0.021785005927085876 0.029300987720489502
0.0 0.4042609930038452 0.46483802795410156 0.027518033981323242 0.028128981590270996
0.0 0.5607689917087555 0.022386014461517334 0.03095799684524536 0.03633403778076172
0.0 0.59688600897789 0.18295800685882568 0.020637989044189453 0.029301047325134277
