0.0 0.17246056318283082 0.2560758845508099 0.09303351879119873 0.08121699810028074
0.0 0.9399357604980468 0.004065001271665096 0.09287163734436032 0.008130002543330192
0.0 0.019046623706817627 0.08747168362140656 0.038093247413635255 0.17494336724281312
0.0 0.3663367390632629 0.1909142638742924 0.08246493816375733 0.0594429337978363
0.0 0.8466275215148926 0.36650410905480385 0.06366699218750005 0.06400187641382216
0.0 0.4211705732345581 0.39609398894011977 0.1668080902099609 0.19720342114567757
0.0 0.785800142288208 0.5002180755138398 0.08173059463500976 0.06407083690166476
0.0 0.41836486458778377 0.9036751009523869 0.09809541463851928 0.13752969622612
0.0 0.9359210681915283 0.3295417909324169 0.0481221580505371 0.0486248621344566
0.0 0.6248999547958374 0.5320978714525699 0.05844463348388673 0.051563820540905025
0.0 0.9239244937896729 0.6507389377057552 0.06784089088439937 0.14558330804109576
0.0 0.7878714466094972 0.8403192886710167 0.10461383819580072 0.16202157557010644
0.0 0.16406392574310302 0.1363285981118679 0.06057981491088868 0.04954542592167854
0.0 0.32674168825149535 0.552599522471428 0.06872082233428956 0.12846248269081123
0.0 0.7129843759536743 0.9937299981713295 0.06451571464538575 0.012540003657340981
0.0 0.8226616096496582 0.0074398285523056985 0.0999994468688965 0.014879657104611397
0.0 0.11701608657836914 0.35600839830935005 0.033870835304260244 0.05000004500150684
