0.0 0.5322839915752411 0.6677830219268799 0.3104349970817566 0.1325540542602539
0.0 0.5343660116195679 0.797298014163971 0.31016600131988525 0.15146303176879883
0.0 0.15165400505065918 0.305074006319046 0.11744701862335205 0.052046000957489014
0.0 0.9051790237426758 0.5931699872016907 0.0911250114440918 0.050169944763183594
0.0 0.09140300750732422 0.5052530169487 0.16758298873901367 0.07779300212860107
0.0 0.37175697088241577 0.19724400341510773 0.1562659740447998 0.05348101258277893
0.0 0.8868390023708344 0.20764799416065216 0.089976966381073 0.0504629909992218
0.0 0.2597309947013855 0.2669059932231903 0.07470297813415527 0.034283995628356934
0.0 0.9172730147838593 0.05432500038295984 0.13329702615737915 0.04945400170981884
0.0 0.28505897521972656 0.07738199830055237 0.19991600513458252 0.039094001054763794
0.0 0.7232300043106079 0.47902701795101166 0.21207702159881592 0.1328590214252472
0.0 0.9664330184459686 0.8898829817771912 0.06474000215530396 0.03055095672607422
0.0 0.6950960159301758 0.2969219982624054 0.193681001663208 0.03392297029495239
0.0 0.9586289823055267 0.4396519958972931 0.0818440318107605 0.11006498336791992
0.0 0.6650420129299164 0.4426890015602112 0.09133201837539673 0.05581599473953247
0.0 0.840927004814148 0.7946329712867737 0.3181450366973877 0.2660020589828491
0.0 0.8077539801597595 0.0805170014500618 0.0919259786605835 0.07715900242328644
