0.0 0.055583031258132125 0.46853739549182816 0.08651925824850963 0.0590694549131669
0.0 0.37866546517810107 0.15183232558622273 0.12934172807492872 0.0727033059825581
0.0 0.9087142842001108 0.5454431007552402 0.13978687546108148 0.08294023006538653
0.0 0.23821371286995652 0.20202106974164946 0.12795105597035838 0.07112215788968454
0.0 0.9539016291121606 0.3569154282199972 0.09219674177567883 0.0666978201730819
0.0 0.25274455659068545 0.7174433327740393 0.08341778023002919 0.05859751946082248
0.0 0.6266522945200671 0.4611187024321428 0.09247993777096108 0.08395320404337564
0.0 0.5997386626067256 0.16029984245180084 0.10299230925588665 0.05053457323809174
0.0 0.10446113288944914 0.5764295773989803 0.08587701833640443 0.06619744402955519
0.0 0.8665996191628235 0.22335505056314706 0.07200872204188657 0.04723192115612823
0.0 0.5828140600990659 0.35922726039217145 0.08571148598751654 0.044605893550304254
0.0 0.9626632765944019 0.20526508393278864 0.05934592455082022 0.039691526113447506
0.0 0.9835271637725644 0.6822443537344136 0.03294567245487112 0.03234829231389447
0.0 0.7675447753990696 0.0338370818469676 0.08624695861548226 0.04855290148175083
0.0 0.7659786233096559 0.1703635536151627 0.12952285143810005 0.06738646041398613
0.0 0.03645906507783075 0.10704758089956797 0.0537354566821054 0.028658195338145565
0.0 0.4783511669935682 0.3774059855383748 0.07965354417152815 0.030854939328502418
0.0 0.4172579356363718 0.5427456030087066 0.04777825863969193 0.039643345499338345
0.0 0.7897024138709949 0.40684272438222513 0.058632891472386484 0.030314975965120283
0.0 0.8387880553122026 0.4759769557075315 0.06155167641884374 0.0295718757401931
0.0 0.3746888706391286 0.598415826089074 0.04042777244215229 0.021296937701529406
0.0 0.2239335625975814 0.765317203958009 0.0485357194075334 0.021606025270835105
0.0 0.3470268694220151 0.26055105230268416 0.07014935993747695 0.029789972827870215
0.0 0.010903168242009556 0.21930737376182136 0.021806336484019112 0.02773675602878964
0.0 0.5184867145001815 0.5598048898985212 0.027856396538218142 0.01913803577574913
0.0 0.9141518540141058 0.05946481152042552 0.04339417663659306 0.019864567293656557
0.0 0.27952652909159564 0.3060712420170645 0.13049973408608795 0.04987090192840954
0.0 0.743326332135827 0.6402676126925703 0.0355177189599134 0.021650481695066226
0.0 0.30525154116346587 0.3756003408840866 0.06890230651789375 0.03418598418492358
0.0 0.7004135693293352 0.9228080867058257 0.04572058190013528 0.04091923575631584
0.0 0.22275968536751906 0.053578384073887556 0.042222997620006225 0.02431108455096654
0.0 0.495226733657118 0.8927354528601551 0.033898216703247386 0.02822945499579821
0.0 0.4216546668266452 0.6382270767858782 0.08426456487536965 0.061995129765116896
0.0 0.07675499279777889 0.3384245100818371 0.049836117042001124 0.021529663485152395
0.0 0.32618569647517803 0.19898016244315142 0.04151009942863765 0.02544697776966523
