0.0 0.3685672882863412 0.17539950869384224 0.29410782787789125 0.1421229373844125
0.0 0.42250650743849827 0.6812749436143299 0.18458223319412964 0.10417495527619769
0.0 0.5665141588568099 0.27453991116114274 0.15831395630041595 0.08737637899251863
0.0 0.7384102791104099 0.6915596694583077 0.10278751262812336 0.055223789520815525
0.0 0.8355470198358159 0.5671263339922196 0.12936534159333835 0.06209015100933457
0.0 0.8983495639233128 0.9146272336854029 0.20330087215337456 0.10271295231472
0.0 0.6461794906105736 0.4378078204386918 0.1724355372938453 0.10962586103829797
0.0 0.32504860688896003 0.8792482549926981 0.2946498357977936 0.19114936261683113
0.0 0.6731833722430446 0.893761266672362 0.06288321282638143 0.029512257324137092
0.0 0.9821418711054903 0.6645994802409159 0.03571625778901921 0.11118707470933431
0.0 0.5957702402826675 0.7175190133969659 0.1614623145594094 0.10091730744530891
0.0 0.004328409394470078 0.4451692949289991 0.008656818788940156 0.09490651343472711
0.0 0.712024989578268 0.9217995748740497 0.050663960779375405 0.03176163148590605
0.0 0.023270962226894197 0.12030365366874275 0.046541924453788394 0.023626734419503498
0.0 0.6029625703862649 0.7509799299218378 0.2122667910244555 0.13350753701214968
0.0 0.2661332757049806 0.04712360513072095 0.18887612074037124 0.062269328144606895
0.0 0.17985857402172697 0.5374653388496144 0.12724317414520353 0.09694089070784812
