0.0 0.23103216379880906 0.5158864020556211 0.07881752252578739 0.08715935990214352
0.0 0.8775371536612511 0.2841442807018757 0.07145445883274082 0.05091505259275436
0.0 0.19707753807306289 0.3260863423347473 0.08980369329452514 0.07646410405635828
0.0 0.8836319370567799 0.9887411635369062 0.05140743523836133 0.02251767292618756
0.0 0.09214067220687866 0.2242563508450985 0.07447287917137146 0.07342910677194597
0.0 0.11066113173961639 0.7066325818747282 0.05285995602607728 0.0487194718420505
0.0 0.7199281394481659 0.9440285709500313 0.06661503672599789 0.056778802871704115
0.0 0.7787887822091579 0.3464298288524151 0.0655281046032905 0.0749894687533379
0.0 0.3074396163225174 0.9579647841304542 0.05578427970409394 0.05991646751761437
0.0 0.73409084379673 0.4362711603939533 0.14049595534801484 0.0743809685111046
