0.0 0.902508020401001 0.26045500487089157 0.11031198501586914 0.09409399330615997
0.0 0.226842999458313 0.6964619755744934 0.06472897529602051 0.07570695877075195
0.0 0.5739290118217468 0.32608500123023987 0.057922959327697754 0.0388299822807312
0.0 0.36295801401138306 0.533840000629425 0.046499013900756836 0.03181302547454834
0.0 0.6213639974594116 0.42181798815727234 0.05592203140258789 0.05579501390457153
0.0 0.5176120102405548 0.4546000063419342 0.10468405485153198 0.08740699291229248
0.0 0.7335140109062195 0.36731699109077454 0.07316195964813232 0.0473330020904541
0.0 0.7797629833221436 0.10373000428080559 0.09057998657226562 0.05298600345849991
0.0 0.7404919862747192 0.29300200939178467 0.04338407516479492 0.027513980865478516
0.0 0.5828449726104736 0.55759197473526 0.04331398010253906 0.06800401210784912
0.0 0.8787260055541992 0.7283849716186523 0.1325160264968872 0.1265699863433838
0.0 0.4883720278739929 0.771481990814209 0.07511401176452637 0.09879302978515625
0.0 0.24289000034332275 0.9076399803161621 0.03339099884033203 0.02672600746154785
0.0 0.21770602464675903 0.41727501153945923 0.044486045837402344 0.03471100330352783
0.0 0.24521899223327637 0.36456701159477234 0.035069942474365234 0.027415990829467773
0.0 0.15507501363754272 0.3912369906902313 0.031131982803344727 0.02704697847366333
0.0 0.9274460077285767 0.5228789895772934 0.096282958984375 0.08793297410011292
0.0 0.20470499992370605 0.7798699736595154 0.02070605754852295 0.020449042320251465
0.0 0.5400919914245605 0.05232800170779228 0.02514791488647461 0.020052000880241394
0.0 0.14982402324676514 0.5879560112953186 0.04192698001861572 0.08831298351287842
0.0 0.2300959825515747 0.3289479911327362 0.042633056640625 0.03997397422790527
0.0 0.3057370185852051 0.1361120045185089 0.0738060474395752 0.06563800573348999
0.0 0.2096499800682068 0.1401430070400238 0.0738060474395752 0.036848992109298706
0.0 0.2757970094680786 0.8293409943580627 0.04177701473236084 0.04490995407104492
0.0 0.2813670039176941 0.9450709819793701 0.036206960678100586 0.06678903102874756
