0.0 0.4181687073221251 0.09080436839083578 0.2528505512125055 0.13797288338902652
0.0 0.037216708241825006 0.7062537234527972 0.07443341648365001 0.06654107000114995
0.0 0.757511806580027 0.423567458406346 0.20515768692272773 0.14427835056683047
0.0 0.6561446748368852 0.9557395691576499 0.3127784362690724 0.08852086168470019
0.0 0.9290881400304294 0.7552116245869407 0.07906297350585245 0.0654170583755358
0.0 0.6734171620851308 0.1936926620919529 0.061156218797214 0.03325932771686821
0.0 0.287014104290683 0.4680539828664697 0.08648700524554112 0.043446682439188256
0.0 0.605548150993572 0.08886253674406264 0.08399763133561344 0.0624310230741192
0.0 0.4470005796403391 0.708020951180208 0.043155152500462035 0.04199698060349866
0.0 0.5291904346177352 0.6359781166963634 0.0460467527581877 0.03277108422592956
0.0 0.4587451227077718 0.6415215230218902 0.04481829276671334 0.025837882890350494
0.0 0.27769847434343303 0.595449321428288 0.05558946184606928 0.03126991074775565
