0.0 0.4889350086450577 0.3232699930667877 0.11143001914024353 0.09404098987579346
0.0 0.08351799845695496 0.2816390097141266 0.09589800238609314 0.05809199810028076
0.0 0.8925459980964661 0.2606160119175911 0.07567393779754639 0.06750200688838959
0.0 0.31871500611305237 0.7479029893875122 0.04796898365020752 0.04418301582336426
0.0 0.6502869725227356 0.6038450002670288 0.09780800342559814 0.07107400894165039
0.0 0.7181850075721741 0.4929409921169281 0.09310400485992432 0.07353001832962036
0.0 0.1492069959640503 0.7414950132369995 0.04347801208496094 0.05392897129058838
0.0 0.8386880159378052 0.17264600098133087 0.06809306144714355 0.04139000177383423
0.0 0.1391029953956604 0.41815200448036194 0.15624600648880005 0.1024399995803833
0.0 0.733381986618042 0.8719859719276428 0.08073604106903076 0.06416904926300049
0.0 0.7144529819488525 0.652804970741272 0.0564960241317749 0.03125596046447754
0.0 0.412090003490448 0.7463570237159729 0.04366797208786011 0.03593599796295166
0.0 0.14674699306488037 0.5661140084266663 0.05394300818443298 0.0446009635925293
0.0 0.8591300249099731 0.05228699930012226 0.05654299259185791 0.04410099610686302
0.0 0.8085860013961792 0.5539339780807495 0.06223094463348389 0.0403369665145874
0.0 0.3641990125179291 0.49030502140522003 0.04273402690887451 0.05603000521659851
0.0 0.05206599645316601 0.4960240125656128 0.06799599900841713 0.04296600818634033
0.0 0.4210599958896637 0.6088070273399353 0.04566800594329834 0.03294503688812256
0.0 0.4280349910259247 0.21578899770975113 0.057968974113464355 0.07815198600292206
0.0 0.6875410079956055 0.06855200044810772 0.053607940673828125 0.043435994535684586
0.0 0.5586839914321899 0.9721900224685669 0.055374979972839355 0.036303043365478516
0.0 0.9744740128517151 0.8528980016708374 0.026450037956237793 0.023260951042175293
0.0 0.7683460116386414 0.25541698187589645 0.08041393756866455 0.062210991978645325
0.0 0.26451700925827026 0.794838011264801 0.03659701347351074 0.022256970405578613
0.0 0.3424310088157654 0.3696340024471283 0.045890986919403076 0.037216007709503174
0.0 0.5093899965286255 0.21736299991607666 0.08238101005554199 0.07989299297332764
0.0 0.5202029943466187 0.8334850072860718 0.03138697147369385 0.02538895606994629
0.0 0.635824978351593 0.22442199289798737 0.05787801742553711 0.06385800242424011
0.0 0.9763090014457703 0.3171980082988739 0.04536104202270508 0.04330199956893921
0.0 0.9161620140075684 0.5625090003013611 0.06084799766540527 0.03348803520202637
0.0 0.5804269909858704 0.5438039898872375 0.04119694232940674 0.027354001998901367
0.0 0.7430269718170166 0.7511000037193298 0.10721004009246826 0.034695982933044434
0.0 0.8143460154533386 0.705007016658783 0.02362799644470215 0.027609944343566895
0.0 0.762024998664856 0.1699170023202896 0.03421294689178467 0.021111994981765747
0.0 0.44787898659706116 0.8394020199775696 0.03766000270843506 0.025678038597106934
0.0 0.03113899938762188 0.6820840239524841 0.06141800060868263 0.047366976737976074
0.0 0.7054949998855591 0.112575002014637 0.025197982788085938 0.03900499641895294
0.0 0.1531970053911209 0.8048210144042969 0.10015299916267395 0.03648996353149414
0.0 0.157369002699852 0.9403430223464966 0.1441749930381775 0.06465601921081543
0.0 0.7822250127792358 0.04699100274592638 0.04238903522491455 0.03678100369870663
0.0 0.026532999239861965 0.42059099674224854 0.04398299939930439 0.022962987422943115
0.0 0.9881529808044434 0.11228399351239204 0.02369403839111328 0.046935997903347015
0.0 0.291579008102417 0.2511819899082184 0.06458902359008789 0.04045701026916504
0.0 0.5290340185165405 0.5551720261573792 0.030331015586853027 0.03879499435424805
0.0 0.38214999437332153 0.85344398021698 0.040039002895355225 0.040686964988708496
0.0 0.6295279860496521 0.6941660046577454 0.04697096347808838 0.033010005950927734
0.0 0.5657870173454285 0.7094950079917908 0.04102802276611328 0.05077993869781494
0.0 0.23082000017166138 0.14913199841976166 0.072750985622406 0.041471004486083984
0.0 0.2585979998111725 0.21897900104522705 0.10714298486709595 0.030557990074157715
0.0 0.17923299968242645 0.28282201290130615 0.038359999656677246 0.033832013607025146
0.0 0.17195799946784973 0.3062860071659088 0.06613799929618835 0.026192009449005127
0.0 0.5714139938354492 0.5034700036048889 0.027580976486206055 0.028445005416870117
0.0 0.4031989872455597 0.9635739922523499 0.09820401668548584 0.06250405311584473
0.0 0.5476850271224976 0.7620319724082947 0.06481504440307617 0.032850027084350586
0.0 0.6152780055999756 0.8158900141716003 0.04444396495819092 0.055004000663757324
0.0 0.6634259819984436 0.7902979850769043 0.02592599391937256 0.02673804759979248
