0.0 0.035155415534973145 0.740254465341568 0.07031083106994629 0.09834491014480595
0.0 0.29857087805867194 0.4499344146251678 0.10827660143375395 0.10077756643295283
0.0 0.26745865285396575 0.1113057142496109 0.14199280112981794 0.10780565142631529
0.0 0.33996196642518045 0.6594597315788269 0.1006646704673767 0.09669792652130127
0.0 0.3959146079421043 0.31616551637649537 0.06041684389114382 0.07831073999404908
0.0 0.5167216718196869 0.8169426834583282 0.06535385549068451 0.06253741979598992
0.0 0.5208233192563057 0.9504609751701355 0.27737191110849374 0.099078049659729
0.0 0.7180303400754928 0.10887320816516877 0.14224243938922887 0.21774641633033753
0.0 0.5079196523129941 0.6582797741889954 0.0604534909129143 0.07554591894149787
0.0 0.8060199959576131 0.5129819905757904 0.15585790425539015 0.14244943857192993
0.0 0.004090486913919449 0.9864398586750031 0.008180973827838897 0.027120282649993888
0.0 0.3934605103731155 0.08913418829441071 0.13076816290616988 0.17826837658882141
0.0 0.3011537100374699 0.9045185166597367 0.1346148473024368 0.1909629666805267
0.0 0.598268812596798 0.5157683765888215 0.18269260764122008 0.10961469411849978
0.0 0.5790382096171379 0.646537492275238 0.04423138916492464 0.04807634353637691
0.0 0.6174995721876622 0.7792316830158235 0.04423138916492464 0.03269151449203489
0.0 0.042499970048666 0.9699043619632721 0.06346199214458464 0.06019127607345576
