0.0 0.9201669991016388 0.7858120203018188 0.14775699377059937 0.06122398376464844
0.0 0.7515070140361786 0.4692479968070984 0.0844389796257019 0.0620579719543457
0.0 0.2503119707107544 0.6900050044059753 0.1169290542602539 0.061532020568847656
0.0 0.6467120051383972 0.38352900743484497 0.04950296878814697 0.03407299518585205
0.0 0.8680859804153442 0.6768860220909119 0.08934998512268066 0.06913399696350098
0.0 0.7650730013847351 0.6625339984893799 0.04587900638580322 0.04051101207733154
0.0 0.9619669914245605 0.3926590085029602 0.0729299783706665 0.042115986347198486
0.0 0.5569449961185455 0.9543039798736572 0.1947299838066101 0.059748053550720215
0.0 0.04229098558425903 0.0788939967751503 0.08302998542785645 0.03758099675178528
0.0 0.937611997127533 0.10151199996471405 0.1186150312423706 0.033052995800971985
0.0 0.06531000137329102 0.24343300610780716 0.10178101062774658 0.050737008452415466
0.0 0.3840929865837097 0.5988940000534058 0.03597104549407959 0.03586304187774658
