0.0 0.5491859912872314 0.7475079894065857 0.14844799041748047 0.13009297847747803
0.0 0.6511449813842773 0.08601799607276917 0.05168294906616211 0.09046202898025513
0.0 0.31648701429367065 0.10498499870300293 0.09597396850585938 0.10409700870513916
0.0 0.3388650119304657 0.7867569923400879 0.15223300457000732 0.14659404754638672
0.0 0.48955000936985016 0.609807014465332 0.04249200224876404 0.030354976654052734
0.0 0.025875999592244625 0.691540002822876 0.04017999954521656 0.07806801795959473
0.0 0.4414519965648651 0.5798839926719666 0.06084400415420532 0.039942026138305664
0.0 0.38634800910949707 0.6148329973220825 0.02640402317047119 0.01906299591064453
0.0 0.6601459980010986 0.35203298926353455 0.027552008628845215 0.07080596685409546
0.0 0.7628920078277588 0.2766880393028259 0.024108052253723145 0.04175698757171631
