0.0 0.2088326591545835 0.7146759303914151 0.10047547799167342 0.08017282554960614
0.0 0.08438885847898636 0.24197206253870868 0.059618627022415584 0.051322981498029524
0.0 0.5401779319225131 0.5610841977355703 0.13608958995220732 0.1270228706928745
0.0 0.7593685467614957 0.5150090596644185 0.13956508723433403 0.10596980500155384
0.0 0.7302474304086488 0.0842695980014721 0.09888609048315067 0.07429895482537423
0.0 0.2567906171721055 0.9472628586206293 0.0799123792621608 0.07475825383019363
0.0 0.8741965444765369 0.6263258574327564 0.04907582351639095 0.040457227113626426
0.0 0.6120706684309736 0.8281047030031112 0.09301178203204474 0.06310334853645017
0.0 0.7373048290187683 0.6276790843484532 0.08294940449847499 0.08604525583717748
0.0 0.2539293339680436 0.4468153220295973 0.09288193549992363 0.06379493096070615
0.0 0.30332947001673627 0.045189214405783634 0.0863014469845031 0.07282916075936063
0.0 0.43702032161512705 0.6039001306805571 0.03836209202719315 0.02988777341825355
0.0 0.4007722660071128 0.019177018478335785 0.0853088651165736 0.03835403695667157
0.0 0.26995591819101944 0.3760915372792638 0.050026494087225676 0.04424266514507175
0.0 0.3759574849342096 0.20642171325790554 0.06443449402327639 0.050671194094976474
0.0 0.2793282583583646 0.521115656299848 0.06621914485808911 0.04345963168832501
0.0 0.5414737280073909 0.384870375612686 0.06881742851013817 0.049408888165799136
0.0 0.25998687560696565 0.14848244796427618 0.0590634676809256 0.05474956456218036
0.0 0.5270706142698492 0.2479546639361578 0.07247824496063138 0.05232312439401926
0.0 0.5173965670857222 0.870103711068877 0.06605825817886274 0.04874140460012799
0.0 0.5243665465125241 0.055574094208666824 0.04039576247126986 0.03788722800466105
0.0 0.10487079163666677 0.1852845705073322 0.06560572937535565 0.0632095833140646
0.0 0.8077455349194775 0.2803055702501961 0.057493376361777426 0.03913939604428768
0.0 0.86763460948878 0.06444056437134807 0.02561009980214246 0.02214285369947168
0.0 0.12527461202761547 0.07374644861036833 0.06839296235690599 0.04599911404280894
0.0 0.9603682555446574 0.34436093051992256 0.07926348891068513 0.052879828847378296
0.0 0.9032932056882059 0.5054038041646413 0.0828235646887715 0.06333546914282917
0.0 0.6264525088045472 0.7201607974662525 0.03990996589379037 0.04859875037437289
0.0 0.8394481098531816 0.11406714647923097 0.03372460301089353 0.03568085480629206
0.0 0.98060757755291 0.8477300261982912 0.038784844894180215 0.055388526680390515
0.0 0.35277733712823645 0.13024832530749714 0.06819001099657196 0.06602583998551717
0.0 0.23230100598593784 0.218924648311055 0.03953007075014833 0.027107800893537592
0.0 0.2320157425386052 0.3047587627335695 0.05000037482088132 0.05116827888019149
0.0 0.49750074347726103 0.2115516398430276 0.035319013043203784 0.026461169609617224
0.0 0.916230320470094 0.7858071309772199 0.09092709491757933 0.05106742013621979
0.0 0.9814571282938319 0.3986358753317626 0.03708574341233617 0.024386023278115454
0.0 0.25112857319026904 0.5903291177531615 0.032909578377988 0.02458098389652874
0.0 0.17987025733806145 0.7877814583094727 0.0638520571048222 0.06330110430426372
0.0 0.8043615897630036 0.22673421410926575 0.041965013440590115 0.044511385639328355
0.0 0.14416846767222727 0.606399894838926 0.05367346400418384 0.05222138235875684
0.0 0.9086129227614504 0.42825112484752076 0.056514590264652664 0.04276357000761233
0.0 0.7349210967445632 0.3196833723521866 0.026739668048444853 0.025094710340365756
0.0 0.7609124085407231 0.9085140549832046 0.037691147186008744 0.02708547852862897
0.0 0.1623280467967187 0.18687839246129634 0.03220073014375968 0.02601756867614899
0.0 0.042309913113748134 0.41296683713253757 0.04371347698723875 0.0451233859764299
0.0 0.5008015546985154 0.29789924972327686 0.03640294879172429 0.025437738265092102
0.0 0.83980411282277 0.21355916372944742 0.024083902306239025 0.023696954419664018
0.0 0.4037081799335374 0.6770057398122802 0.15542902879563136 0.08937079868255016
0.0 0.5250003165543233 0.9393211926119018 0.05094608654769894 0.052261517873718244
0.0 0.23980558205861932 0.017873198993343893 0.039514837403989256 0.018143147603878133
0.0 0.2836368362934859 0.2076020810379383 0.04106648127839546 0.026444843988662564
0.0 0.02176451295858873 0.1646496871447168 0.04352902591717746 0.12549079469232582
0.0 0.4764575085038601 0.04875546223039508 0.030539572947576255 0.02110142701192933
0.0 0.40814684112755795 0.14664968973364662 0.02483331027263269 0.018692503024186624
0.0 0.07162652997504614 0.11061209368010237 0.036041170651294606 0.035377987453745735
0.0 0.6761525989447974 0.35989961439939966 0.028110064994282147 0.02226799112582839
0.0 0.07160583964246404 0.34286273390471783 0.03720422303754894 0.03677404858128319
0.0 0.644360548400235 0.10949585994387002 0.050398884120024245 0.025703989188046866
0.0 0.28356571555157284 0.6480795063196796 0.12477607970918941 0.05579741468185395
0.0 0.4985793190337737 0.6720466311812218 0.026100990393993884 0.01841955922552363
0.0 0.14056660158195888 0.5599006795589737 0.027591162928896434 0.03456189771338902
0.0 0.12061398914810322 0.6404650990937955 0.04223424089848196 0.03813415342564708
0.0 0.15983715168456186 0.718568052266765 0.033396410608931226 0.029691111109178325
0.0 0.7848146729530735 0.44804062237348097 0.04586263110766531 0.03425201044789006
0.0 0.6185595916704206 0.9219936757032697 0.06357613841092613 0.07498230875899559
0.0 0.4540352970485638 0.9175198142448688 0.04746801082745944 0.06452717732928726
0.0 0.9957288679124361 0.4680893179418918 0.008542264175127934 0.09700558157005745
0.0 0.5903817408751499 0.041164821843799125 0.097870043920122 0.08232964368759825
0.0 0.9109993400524619 0.8666218955562519 0.0541124104650792 0.05025676510647448
0.0 0.9893239971049055 0.5782357984630113 0.021352005790189144 0.0665617396518361
0.0 0.4261854363245029 0.8114446885954162 0.09646483001295714 0.048717789648727194
0.0 0.7673845611985659 0.18606107236909467 0.06815395453759787 0.04163924831267113
0.0 0.76115157367801 0.36449149899586586 0.038572785033408996 0.03088228074248378
0.0 0.7291125041943608 0.409247978941331 0.023036054534254724 0.015457472184107257
0.0 0.6451787931604451 0.7752765769613337 0.03328113301861069 0.015558240262014578
0.0 0.28238510487151147 0.09810436243719457 0.049882359186740444 0.042433642702469576
0.0 0.3181492585275093 0.10596894255990094 0.05249703816287893 0.02960195465118598
0.0 0.2341531839636774 0.09002648453940865 0.03150621766681111 0.030027815903746383
0.0 0.4897538325982422 0.41748377130065417 0.0539427291876412 0.06439363045357277
