0.0 0.7472350196475384 0.8153270669901357 0.11248568615773824 0.09163952530697839
0.0 0.9852603451776634 0.3530440690302563 0.02947930964467338 0.05773732338275955
0.0 0.46027308604646644 0.602665286086287 0.15844952441554105 0.14063969720838787
0.0 0.2547907056399177 0.5187459229611281 0.1544649209758418 0.12245778754518061
0.0 0.40523087966512694 0.08334465159556484 0.10918397647843431 0.08606259886093459
0.0 0.10896285337217523 0.6132415762454694 0.05537106916257056 0.04592317658125622
0.0 0.31335027475654237 0.863530978905773 0.10045623756663224 0.07487251988512378
0.0 0.24502297029285314 0.6376215284505633 0.09942822770579066 0.09344951896282072
0.0 0.7777899799047205 0.5339493743156112 0.10057371256291903 0.07546669776976578
0.0 0.841760750363503 0.11511624746664421 0.09792835360002494 0.08226631612074861
0.0 0.5510227164857759 0.6637605398071005 0.0427087947689726 0.03434087720744605
0.0 0.7561690548796487 0.05693238372423475 0.09553020156003966 0.07787180360715913
0.0 0.7817513605145263 0.45896456697477883 0.05743592953831711 0.0495027720255361
0.0 0.7239241058695804 0.26772400494174003 0.07189090850210722 0.058101939383260554
0.0 0.7315311086612688 0.6056308785347712 0.07103447534317953 0.05199091292638025
0.0 0.508651877150512 0.42232530794886913 0.07522451395303215 0.05783414913550333
0.0 0.8558450037503148 0.22798176256243133 0.06864258356426878 0.060698700607963285
0.0 0.5616007863497643 0.2847923744638693 0.0793206561832337 0.06116688580641244
0.0 0.3958745645184188 0.9223660266530352 0.07264262829694157 0.056692444947934906
0.0 0.6185232950920905 0.08859901071125059 0.047093318576529763 0.0419101588454978
0.0 0.9807792773789661 0.29165842472797676 0.03844144524206794 0.06956886178310301
0.0 0.2727299205533315 0.27070969740649814 0.06213908580883118 0.046400428130212834
0.0 0.2738848021938355 0.0399958601162997 0.02923582962367005 0.02488823780845678
0.0 0.9871567127223082 0.17421868305602073 0.02568657455538359 0.05469488479321111
0.0 0.09517177145082889 0.30930227450414205 0.09798733694941764 0.06592034322067808
0.0 0.11404681564397734 0.48474943173336743 0.09181404266142203 0.07307350373988586
0.0 0.32944243684959895 0.7507768073573045 0.05021814192968227 0.05141350798911659
0.0 0.28799010450739354 0.09545827980635313 0.040654948052612605 0.03861874595523411
0.0 0.7684994251294793 0.1937551485215605 0.08018019954144262 0.07260174521965665
0.0 0.8635839396179008 0.30463740631754493 0.042789440872398554 0.03207970934010329
0.0 0.8396737210559999 0.39242325644407117 0.05970271720737985 0.0557039470260941
0.0 0.6013345327957282 0.2525494220927531 0.038971944794388924 0.03067067700293563
0.0 0.034730193745853094 0.7691988525126383 0.06946038749170619 0.06367592885523732
0.0 0.06598212476347827 0.36243979760787814 0.040232503422261395 0.029259112735388115
0.0 0.7401285346793829 0.6811168521716582 0.036288510966583476 0.028511114026723683
0.0 0.7554955448383464 0.8949195507110557 0.07556713411810856 0.06930540215031378
0.0 0.2912031806014186 0.21651858900559529 0.05062580864757865 0.04815548881336104
0.0 0.8422069233866925 0.7155125097721549 0.06319418504005392 0.057371260249474365
0.0 0.130492027572939 0.4049918142534688 0.06249939020860702 0.04945539157374035
0.0 0.33421525123456625 0.32319483191727644 0.0311782035370175 0.027756044121702184
0.0 0.14233257744197866 0.9207196145349774 0.041208339871419156 0.031697446260562256
0.0 0.9423598206107219 0.28363524004354584 0.03615676445291305 0.029658871644553275
0.0 0.9860461632656632 0.534900469649191 0.02790767346867362 0.049048360650874256
0.0 0.5737053034732729 0.3402577310301007 0.03956124918991888 0.02996705453230525
0.0 0.25959092883244095 0.19709725263660527 0.028443425705201253 0.025980281388732485
0.0 0.5636186213524911 0.7440838134466683 0.1625544028954728 0.11070781732623025
0.0 0.3687851201641891 0.9817032147007869 0.06087340202517 0.03659357059842605
0.0 0.9127754555437664 0.0978658587859696 0.039813227763154324 0.02404309359422871
0.0 0.8156084228553783 0.28443967085493155 0.043885143638546786 0.03178827032348186
0.0 0.6681967921393345 0.08967747369467413 0.033110163899584766 0.02492605250445011
0.0 0.521847745678838 0.0029924526927982086 0.03441698896939849 0.005984905385596417
0.0 0.7086888857006898 0.20121867858589715 0.027430586096118148 0.021643205057283815
0.0 0.3814545278368967 0.37417571795455395 0.03141662439766091 0.025492859926922462
0.0 0.9834092491512434 0.45831996173369927 0.033181501697513105 0.0402838839621148
0.0 0.48372466919127527 0.12355874656719129 0.05162678861765169 0.0329627963661156
0.0 0.6915196242647732 0.7346989696760526 0.12522475873912553 0.07458277969430527
0.0 0.47045733474362883 0.7230771311938624 0.028425228442506223 0.021648335121280837
0.0 0.8589039119393036 0.6685870072800669 0.03503617097291667 0.036407736279811864
0.0 0.8560818203880871 0.7542902601505411 0.04874825930604587 0.04249360228776955
0.0 0.7949723240760515 0.8275363729101595 0.03839421887712091 0.03318641694655544
0.0 0.24830500611341688 0.44601736157146443 0.05057019599030255 0.03972942929137141
0.0 0.2804176801809216 0.9584123373214639 0.07919213718107493 0.07971909235887542
0.0 0.44566204729880876 0.9739448714525698 0.061951157134631674 0.05211025709486039
0.0 0.02348976404414458 0.4249506295722327 0.04697952808828916 0.10298616423391704
0.0 0.5584572094137993 0.056722630059922396 0.11488651150241003 0.10368025825185703
0.0 0.018003890661518716 0.8526848743000479 0.03600778132303743 0.05569715109157125
0.0 0.010993820041620082 0.5376889096394324 0.021987640083240164 0.08040224024984
0.0 0.5033202655172568 0.8777286603527584 0.0986563132529602 0.0626612356756846
0.0 0.33952336772656966 0.18115514966483245 0.07208854622452249 0.05074073652473793
0.0 0.29544072641966396 0.36459030578926566 0.04321782707766231 0.03527360388138501
0.0 0.3147586912844371 0.41572180390362623 0.02482321506892521 0.018390102851722767
0.0 0.29524195482271753 0.8039692049207048 0.03362407772664633 0.020498625038701923
0.0 0.8477207678118972 0.1727235538944011 0.05671457445332673 0.04785321198309339
0.0 0.8098573906929736 0.17475448165241553 0.05471079021741565 0.03686925856595122
0.0 0.8980710363204443 0.17256908226342238 0.03688793234688237 0.03311580129743302
0.0 0.5510087848069014 0.4643506056613381 0.06744808384232848 0.06833240588225742
