0.0 0.3549930384190255 0.6245842708183681 0.09163147436166358 0.07332077767861866
0.0 0.32477220577196875 0.8396524124583629 0.06666503914552208 0.09053956757044401
0.0 0.6369807192827232 0.841559645562841 0.042477666047709306 0.03916957570163904
0.0 0.4631153448357712 0.3454451224533691 0.03838986640364811 0.04163422242544679
0.0 0.15254087755791274 0.44329597151950434 0.04814196768844348 0.0424437859224297
0.0 0.09615467108730619 0.5228305577170713 0.05717852972718025 0.04889428012000763
0.0 0.34334288073934566 0.4174043695361407 0.033471821862898876 0.028883903853981485
0.0 0.20349324104294414 0.8287697758180128 0.06910190639940614 0.051096956029343166
0.0 0.5300774121379472 0.8201881217629163 0.055860091724292515 0.04014599348651682
0.0 0.5791978320956346 0.32194835190359794 0.02642647963032585 0.027735636370963268
0.0 0.774415953769797 0.3015531650139399 0.027684789763963935 0.02252407799770023
0.0 0.539926134467406 0.6795061884130449 0.03599922291696356 0.01945385758638729
0.0 0.29909832999547925 0.5664118682021198 0.03607933437650879 0.036879426817873706
0.0 0.47029678871848934 0.3929247522877821 0.028236093537157836 0.03330920572662471
