0.0 0.5159938411414623 0.7234399235248565 0.18901453211903568 0.17787326574325568
0.0 0.014067041669040919 0.0019044923782348634 0.028134083338081838 0.0038089847564697268
0.0 0.7471349861472845 0.806554097533226 0.23558945134282105 0.23307200074195866
0.0 0.5126174601912499 0.0451098906993866 0.10049396425485613 0.0902197813987732
0.0 0.5709585008770227 0.454725227355957 0.14656725779175755 0.11849205493927001
0.0 0.7008936487883329 0.011335622072219848 0.16260549798607826 0.022671244144439696
0.0 0.4944955862313509 0.8826265877485275 0.19395420610904696 0.11682366728782645
0.0 0.2217479733005166 0.28845922112464906 0.10642686650156974 0.12481026649475097
0.0 0.013328052125871181 0.690864441394806 0.026656104251742363 0.09674105644226072
0.0 0.6833629821240902 0.17652532815933228 0.1290286822617055 0.13254854679107664
0.0 0.3355003288760781 0.2672965919971466 0.10405162267386914 0.055857753753662115
0.0 0.1273077368363738 0.8676929330825806 0.059615386053919805 0.07115310430526733
0.0 0.9862504290416837 0.7234616494178772 0.027499141916632608 0.0596158504486084
0.0 0.19749880343675613 0.08980666756629943 0.061538649946451196 0.0923076868057251
