0.0 0.300744004547596 0.1328350007534027 0.2291250079870224 0.12097901105880737
0.0 0.35280799865722656 0.48099198937416077 0.1526229977607727 0.07698899507522583
0.0 0.636942982673645 0.7221279740333557 0.07688796520233154 0.0352020263671875
0.0 0.7668169736862183 0.6374589800834656 0.2008960247039795 0.07913398742675781
0.0 0.15317299962043762 0.02794900070875883 0.13655200600624084 0.053401002660393715
0.0 0.6698579788208008 0.9092370271682739 0.12926602363586426 0.07054698467254639
0.0 0.7106990218162537 0.5642279982566833 0.11605393886566162 0.06324493885040283
0.0 0.6282340288162231 0.07445500046014786 0.2268660068511963 0.14891000092029572
0.0 0.057826001197099686 0.43949899077415466 0.09464699774980545 0.0351719856262207
0.0 0.9571409821510315 0.25709301233291626 0.07316696643829346 0.0611569881439209
0.0 0.07052299752831459 0.31005701422691345 0.1376129910349846 0.10211700201034546
0.0 0.49548499286174774 0.37468698620796204 0.07655099034309387 0.03851902484893799
0.0 0.3405289873480797 0.3398669958114624 0.19844599068164825 0.11479097604751587
0.0 0.2560639977455139 0.24867599457502365 0.21221500635147095 0.051518991589546204
0.0 0.8341630101203918 0.22108900547027588 0.07746303081512451 0.03194400668144226
0.0 0.0572930034250021 0.18247899413108826 0.055014003068208694 0.0417650043964386
0.0 0.7001839876174927 0.20889900624752045 0.0590590238571167 0.029736995697021484
0.0 0.47333499789237976 0.07735700160264969 0.05146300792694092 0.03583399951457977
0.0 0.58057701587677 0.2721399962902069 0.0636129379272461 0.022957980632781982
0.0 0.5742149949073792 0.7898470163345337 0.1908400058746338 0.07116997241973877
0.0 0.5837569832801819 0.9109510183334351 0.07421505451202393 0.0424729585647583
0.0 0.4575909972190857 0.940222978591919 0.12722599506378174 0.10790300369262695
0.0 0.17451199889183044 0.20096999406814575 0.08269700407981873 0.03214100003242493
0.0 0.4162429869174957 0.7290080189704895 0.07421499490737915 0.03443706035614014
