0.0 0.2165299952030182 0.3631629943847656 0.03600496053695679 0.09804105758666992
0.0 0.49460598826408386 0.5794059932231903 0.027157962322235107 0.05952000617980957
0.0 0.7958059906959534 0.4022510051727295 0.05336201190948486 0.07524597644805908
0.0 0.17673298716545105 0.07874298095703125 0.037815988063812256 0.05212199687957764
0.0 0.6860439777374268 0.7119889855384827 0.03236794471740723 0.06341201066970825
0.0 0.10698997974395752 0.47317802906036377 0.03410899639129639 0.05823397636413574
0.0 0.16371402144432068 0.7047609984874725 0.024758994579315186 0.05778801441192627
0.0 0.5661799907684326 0.27875399589538574 0.04205000400543213 0.07352197170257568
0.0 0.16408899426460266 0.2804489731788635 0.03766900300979614 0.067330002784729
0.0 0.4648970067501068 0.35939300060272217 0.034470975399017334 0.07535099983215332
0.0 0.34467196464538574 0.06134200096130371 0.019598007202148438 0.03698301315307617
0.0 0.82184898853302 0.2959200143814087 0.02405405044555664 0.05358004570007324
0.0 0.1421949863433838 0.21123498678207397 0.023797988891601562 0.04394698143005371
0.0 0.03293699026107788 0.3963419795036316 0.02028799057006836 0.0484999418258667
