0.0 0.5104804410774556 0.8232662836463067 0.23921116549364513 0.19023327319210892
0.0 0.21571917334795246 0.5818295938698927 0.1982444799329573 0.13530949301003603
0.0 0.6342913425622345 0.6828489206618829 0.25585269027599455 0.19890265860288425
0.0 0.6240020910047084 0.170284182625189 0.2691002223427673 0.22127017113470132
0.0 0.8194865988278236 0.37112286785588033 0.1664196552453916 0.14009402730322862
0.0 0.1775086062486982 0.7757011039218115 0.22869910072558697 0.19356185201335485
0.0 0.4431782982733995 0.41325337293148484 0.1574255569301904 0.12499211567906132
0.0 0.13126890296345375 0.2510463917159154 0.16342155263386746 0.13109406185096695
0.0 0.07564981889057268 0.3460284037773578 0.11198304780672952 0.107838056499933
0.0 0.12497445936492894 0.6401395527393688 0.07851584525009522 0.058185575308177695
0.0 0.0355724827120672 0.6587630820067798 0.0711449654241344 0.19169996525278077
0.0 0.31871581692026646 0.31059423982622736 0.10787861158316925 0.07792064590713427
0.0 0.08159182050715881 0.5001805892558451 0.09477174027047228 0.06463278592272781
0.0 0.5130127480573726 0.5447519783976698 0.05368602095263403 0.04679125106939874
