0.0 0.6808289885520935 0.45432598888874054 0.08644598722457886 0.10317298769950867
0.0 0.7189460098743439 0.8352490067481995 0.06073498725891113 0.06933796405792236
0.0 0.8441859930753708 0.9626150131225586 0.05049699544906616 0.06922602653503418
0.0 0.9024920016527176 0.8225880265235901 0.04035300016403198 0.051396965980529785
0.0 0.4211900234222412 0.5803059935569763 0.0708550214767456 0.09616303443908691
0.0 0.6150830090045929 0.12649700418114662 0.09443897008895874 0.14666800945997238
0.0 0.7347329929471016 0.08459499850869179 0.05632598698139191 0.08889799565076828
0.0 0.7974050045013428 0.7929030060768127 0.0356999933719635 0.06260097026824951
0.0 0.31473100185394287 0.25537100434303284 0.04016697406768799 0.0455549955368042
0.0 0.7738729938864708 0.483488991856575 0.07438300549983978 0.07541999220848083
0.0 0.6486949920654297 0.31287500262260437 0.034327030181884766 0.04252701997756958
0.0 0.6640619933605194 0.9159489870071411 0.038990020751953125 0.05902695655822754
0.0 0.4306480288505554 0.36560699343681335 0.03158295154571533 0.04518502950668335
0.0 0.3091220259666443 0.34492799639701843 0.03497004508972168 0.043156981468200684
0.0 0.48463302850723267 0.11132900044322014 0.03621697425842285 0.04842100292444229
0.0 0.324379026889801 0.10015899688005447 0.04914498329162598 0.042789995670318604
0.0 0.5408369898796082 0.3209080100059509 0.05457198619842529 0.042611002922058105
0.0 0.1847500205039978 0.6303989887237549 0.05610394477844238 0.07764995098114014
0.0 0.4659550189971924 0.7273200154304504 0.035408973693847656 0.05330097675323486
0.0 0.7263010144233704 0.7248430252075195 0.05457800626754761 0.06777596473693848
0.0 0.7613739967346191 0.6013249754905701 0.059554994106292725 0.055729031562805176
0.0 0.7770429998636246 0.4083769917488098 0.0728749930858612 0.05328500270843506
0.0 0.5187270045280457 0.6566830277442932 0.05616497993469238 0.0860450267791748
0.0 0.09914201498031616 0.46055200695991516 0.0407710075378418 0.049320995807647705
0.0 0.25983500480651855 0.9263020157814026 0.02752399444580078 0.02665102481842041
0.0 0.5430000126361847 0.03540500067174435 0.03414499759674072 0.05926700308918953
0.0 0.4485599994659424 0.831574022769928 0.03278398513793945 0.05570101737976074
0.0 0.8995139971375465 0.6612390279769897 0.039122000336647034 0.04557597637176514
0.0 0.764274999499321 0.9639760255813599 0.05960598587989807 0.06311094760894775
0.0 0.7711099982261658 0.25380200892686844 0.05588698387145996 0.10399501025676727
0.0 0.29534298181533813 0.6500229835510254 0.02959597110748291 0.10538995265960693
0.0 0.3825880289077759 0.6324939727783203 0.0264359712600708 0.0503309965133667
0.0 0.14757400751113892 0.08825299888849258 0.059440016746520996 0.1460690051317215
0.0 0.1897900104522705 0.8569309711456299 0.023340940475463867 0.025750041007995605
0.0 0.2755029797554016 0.20091600716114044 0.02050304412841797 0.036150991916656494
0.0 0.9822320016101003 0.9408829808235168 0.034066999331116676 0.04965102672576904
0.0 0.27050602436065674 0.09170299954712391 0.03648805618286133 0.10264700278639793
0.0 0.8029009997844696 0.7237870097160339 0.019836992025375366 0.03258800506591797
0.0 0.23497098684310913 0.4308350086212158 0.020437002182006836 0.02633202075958252
0.0 0.03610199689865112 0.1774190068244934 0.05044996738433838 0.08054500818252563
0.0 0.7290099859237671 0.1750980019569397 0.023531019687652588 0.02695101499557495
0.0 0.23443001508712769 0.3631959855556488 0.022560954093933105 0.03206002712249756
0.0 0.8582659959793091 0.675583004951477 0.03492799401283264 0.0221940279006958
0.0 0.4813780188560486 0.5211880207061768 0.023025035858154297 0.03579294681549072
0.0 0.10293900966644287 0.6269699931144714 0.036048054695129395 0.04493606090545654
0.0 0.0832669734954834 0.33458301424980164 0.10535502433776855 0.06289702653884888
0.0 0.335299015045166 0.487309992313385 0.049134016036987305 0.038514018058776855
0.0 0.6039089858531952 0.9463919997215271 0.02331000566482544 0.024183034896850586
0.0 0.911481000483036 0.7500770092010498 0.03126700222492218 0.03808796405792236
0.0 0.5788139998912811 0.6657090187072754 0.02022397518157959 0.02177298069000244
0.0 0.5288180112838745 0.7284960150718689 0.028192996978759766 0.03500998020172119
0.0 0.47092002630233765 0.4719269871711731 0.03554201126098633 0.04137098789215088
0.0 0.46243900060653687 0.42809298634529114 0.026656031608581543 0.02856600284576416
0.0 0.8433360010385513 0.23349399864673615 0.04159700870513916 0.05877599120140076
0.0 0.7967880070209503 0.13848599791526794 0.017167001962661743 0.02496001124382019
0.0 0.6175270080566406 0.27173900604248047 0.02178901433944702 0.04025799036026001
0.0 0.26032501459121704 0.5708529949188232 0.04027605056762695 0.04428303241729736
0.0 0.1985899806022644 0.2995170056819916 0.07394897937774658 0.0652170181274414
0.0 0.20684397220611572 0.36392900347709656 0.01782703399658203 0.016907989978790283
0.0 0.13982701301574707 0.28864699602127075 0.029052019119262695 0.02576500177383423
0.0 0.3309730291366577 0.7210140228271484 0.01914799213409424 0.01932394504547119
0.0 0.42638099193573 0.48067599534988403 0.022449016571044922 0.034622013568878174
0.0 0.309844970703125 0.43115898966789246 0.04291701316833496 0.05636101961135864
0.0 0.2606549859046936 0.4943639934062958 0.0937570333480835 0.1022539734840393
0.0 0.29927998781204224 0.5374400019645691 0.04159700870513916 0.040258049964904785
0.0 0.3666269779205322 0.9134460091590881 0.02971196174621582 0.05314004421234131
0.0 0.28871601819992065 0.8305150270462036 0.03499400615692139 0.040258049964904785
0.0 0.5128750056028366 0.5112719982862473 0.029051989316940308 0.034621983766555786
0.0 0.6135649979114532 0.02254399936646223 0.023109018802642822 0.04428299702703953
