0.0 0.7357499662331884 0.3733869012261578 0.08305975631021756 0.07467370077369762
0.0 0.26792985608352793 0.02392764590234958 0.07856805878372541 0.04785529180469916
0.0 0.9143971691378558 0.306575929984894 0.1339393096371192 0.14639932163735214
0.0 0.6163534620702722 0.2868568615557873 0.07074996628961872 0.0578626584741363
0.0 0.24337449261391386 0.29617592382527413 0.05877053234264906 0.05669195852995995
0.0 0.5313643695739215 0.41079551350522303 0.16074074206582273 0.1681248015797216
0.0 0.2548885859597151 0.39850260624966694 0.07130126801262571 0.060770309159846936
0.0 0.4170409519301652 0.7483087985822894 0.09946581203210986 0.11317905802581507
0.0 0.18997621462452857 0.25170944481816954 0.044478380482637775 0.043015789777172325
0.0 0.359062040433982 0.45558147485010325 0.05230326541894048 0.04727083241550106
0.0 0.12471386873713354 0.46756953288076036 0.08034948141500717 0.11177021002500698
0.0 0.7920785263868442 0.7679255958924471 0.11520697187920736 0.12482956668335488
0.0 0.8090512757397721 0.7933959179042428 0.18909401840097007 0.19097882868536176
0.0 0.17554945010110543 0.6237689607043486 0.10959212134623648 0.1308897808459436
0.0 0.7689968664770517 0.29578385943936414 0.053320238915746665 0.046407867890489674
0.0 0.560937801289107 0.5357505150798596 0.07703739978269852 0.1006033767279409
0.0 0.18523147175401097 0.762767383493441 0.06169308048837108 0.06364578389866904
0.0 0.8949187976074513 0.5917561795770171 0.12863164737049637 0.1194674470069903
0.0 0.35289908579472684 0.03965570620656578 0.0940357836279328 0.07931141241313155
0.0 0.5008903749782562 0.05142359867338835 0.031225203928820056 0.030042289685652743
0.0 0.7963828981102892 0.7009668087747436 0.08223134292327583 0.05408877506503662
0.0 0.7512726718838614 0.4520907797420388 0.034919634014363043 0.04074698066664345
