0.0 0.941661987229621 0.2825984998141332 0.11667602554075784 0.18234376837570349
0.0 0.5149288145099522 0.407595269252461 0.08908352607951542 0.10018024486576005
0.0 0.7875546480693716 0.551550672212713 0.06215707437905127 0.07330039898975682
0.0 0.3271124238170081 0.29842786356244416 0.05559420474938387 0.06911571535793348
0.0 0.28818631655708876 0.6931558404017253 0.0666325590003708 0.0794482685471315
0.0 0.12076278398416837 0.5573508973678225 0.05056397325688221 0.06519607172605324
0.0 0.7328890997658031 0.7891266712569458 0.07968461245504244 0.10571492083176226
0.0 0.6836368523496565 0.8620620438252966 0.04500819807775913 0.06001928126973588
0.0 0.1540210906500728 0.7327996336743371 0.05859297472759137 0.07189776016110927
0.0 0.5667731138765183 0.4583703055940469 0.04409582384883293 0.05669907582370859
0.0 0.31836729989398826 0.4665919886619861 0.03729959953890122 0.04782971866526442
0.0 0.42586584104823644 0.3276458225450646 0.049556715288582465 0.06697841387904069
0.0 0.2858787787688417 0.637929668535455 0.03184608902465086 0.04059502588505304
0.0 0.025359684203740254 0.727912399945238 0.05071936840748051 0.07480351584262657
