0.0 0.8015680089592934 0.24985402822494507 0.25242598354816437 0.12905800342559814
0.0 0.5797339975833893 0.8850290030241013 0.1928120255470276 0.07963499426841736
0.0 0.25407499074935913 0.8673000074923038 0.19050097465515137 0.07339299470186234
0.0 0.8553930073976517 0.6867739856243134 0.17602699995040894 0.05665701627731323
0.0 0.07932901382446289 0.2891780138015747 0.07975196838378906 0.044960975646972656
0.0 0.5603600144386292 0.5847040116786957 0.07095897197723389 0.05587202310562134
0.0 0.7820769995450974 0.4909920245409012 0.31427499651908875 0.07541099190711975
0.0 0.84323900192976 0.9730600006878376 0.2593719810247421 0.0538799986243248
0.0 0.7936509996652603 0.06620997190475464 0.14682498574256897 0.08588802814483643
0.0 0.22916698455810547 0.5331589877605438 0.10118997097015381 0.05435997247695923
0.0 0.9176589995622635 0.7804959937930107 0.1488099992275238 0.10110901296138763
0.0 0.35714298486709595 0.9343340024352074 0.07142901420593262 0.06740599870681763
