0.0 0.7086503941568776 0.169709338516859 0.10229004112630413 0.07341792570159997
0.0 0.7126706023789888 0.5994847475543801 0.13036260296618907 0.10025250746308767
0.0 0.13918654289178223 0.7687572801132302 0.09135068523896293 0.07505047903564632
0.0 0.4882790876446569 0.6324503109981303 0.1382008662537959 0.1277778790283005
0.0 0.2128397240134492 0.9729932074577312 0.08334672810389876 0.054013585084537574
0.0 0.5363263205621173 0.9011901487429437 0.0915414448865785 0.06122642396800848
0.0 0.6790346178270984 0.7082023883053654 0.08478506782030282 0.09053092587004141
0.0 0.2215802060807291 0.5781530892208671 0.06474382675264292 0.0411231139569731
0.0 0.3432953911542121 0.27039578439995976 0.06264378123004988 0.04855114224011012
0.0 0.20328183763825783 0.5038413746710906 0.09308431301499875 0.06251076378626264
0.0 0.18821648812677638 0.3592991128376313 0.05017662181209531 0.05092669943819339
0.0 0.7699812333618091 0.3663197083912908 0.058055046092869045 0.03984347272553007
0.0 0.3782773426092355 0.6696472300436489 0.03627675731463187 0.028089012668054525
0.0 0.042333737780091085 0.2886817960539109 0.06004886424487507 0.048746317353483226
0.0 0.2866868288825113 0.1059666611924415 0.07916165155248495 0.06713246649806942
0.0 0.43986797026882873 0.939962916559794 0.0662289862769026 0.04531323129415943
0.0 0.9903563319765807 0.7556373099084478 0.019287336046838632 0.03800021412468513
0.0 0.006349010884218144 0.4647666182088066 0.012698021768436289 0.05638211333748916
0.0 0.2281047102566769 0.20661860107620644 0.05678053957807136 0.05590353087933567
0.0 0.8171914992269426 0.7130668131058422 0.04500820716300313 0.04078353425302628
0.0 0.4957797147932136 0.31961836086464807 0.0729299356846968 0.04955106329268544
0.0 0.5016306661855884 0.45371227291979543 0.04938340581691558 0.04241572071469263
0.0 0.09656669048423339 0.12471108467953199 0.06592484991879542 0.04319884493136039
0.0 0.8156546352624816 0.205511636729058 0.03164170353134621 0.03652895645428117
0.0 0.22401802377701574 0.43335325093474353 0.04781694071877554 0.04155129669561558
0.0 0.19474565085522416 0.27430972173878787 0.04015380608744326 0.027135765632165743
0.0 0.9032266402288027 0.43916150761983974 0.060663616782151264 0.03950154097399916
0.0 0.695119627886859 0.0288716367213909 0.06054888351133325 0.033635667325483336
0.0 0.5055315157894803 0.12911799517940423 0.0385484096280862 0.036727040240109296
0.0 0.8570559854404988 0.5186538630545346 0.05613876594353773 0.041951001280882305
0.0 0.5635189020794483 0.7960809476813748 0.036429658879800986 0.04549931970331744
0.0 0.1003595280457064 0.841904344403027 0.07891827472688781 0.0693546101328456
0.0 0.37790566586358976 0.0626956598541602 0.08899171658555866 0.08526236063815246
0.0 0.9868959300624986 0.8566154503112822 0.0262081398750027 0.03001152863397072
0.0 0.46865056904701863 0.2823313833685417 0.0386758110677487 0.02763364261197576
0.0 0.32018926023819855 0.19347340324033013 0.06739951016479662 0.06233068646896864
0.0 0.8463501633383241 0.5935304953701488 0.07880410902674218 0.058765323704345396
0.0 0.2224917945912871 0.06703040272875907 0.04919691871508222 0.033304498946775576
0.0 0.06920806248153313 0.2345454890534217 0.06004964603587758 0.06238386606127941
0.0 0.08298126035616082 0.6566257698971624 0.044771739567117344 0.0484829688206625
0.0 0.7664113978717136 0.31381235108705 0.040712671865393846 0.0399787757111586
0.0 0.46641192172935597 0.3681844846148635 0.0334227229779816 0.023729304453688094
0.0 0.19644370160781816 0.6516566350076022 0.06294198342257504 0.039433699467571914
0.0 0.12474567414505802 0.23814844482841796 0.030474431450161266 0.025469918283789306
0.0 0.6914627299349767 0.4026392269765278 0.023729312826128668 0.021928680434180503
0.0 0.8031705042515589 0.30256073543332107 0.023209087778992887 0.023908833461307344
0.0 0.34137072858807177 0.741769834244679 0.15757624724973918 0.09044687458834366
0.0 0.9311096786138379 0.49395571715992437 0.03202007821269981 0.02107828918591448
0.0 0.24506544568568417 0.265478323549157 0.04075002003762743 0.02457185781861021
0.0 0.6345373695896716 0.4395531523857573 0.020780505175169495 0.016483239107825176
0.0 0.6194813408696282 0.047324710140348364 0.08212497586544909 0.06511771938330976
0.0 0.5564077998404171 0.08987979203240923 0.04942138402785046 0.036320168244080756
0.0 0.25799810251176075 0.15404628710653293 0.061730179890089665 0.0581746570586595
0.0 0.03695250927700518 0.15372595350554097 0.041008509579469256 0.03917693627974014
0.0 0.21264524712203317 0.14599256490050538 0.026405866512742737 0.028259406527388092
0.0 0.45857962580789297 0.11961002222571895 0.037686373161463727 0.024672812900580487
0.0 0.4194744625403919 0.12161202042937297 0.025080926452612007 0.015388330135232178
0.0 0.8435353445531124 0.15629012523785987 0.026509646923754793 0.02800088301361353
0.0 0.3762877541383299 0.21200068537232986 0.030331448250934923 0.02583176554090688
0.0 0.2446594396613234 0.758697248312977 0.03833899311300554 0.04878188005735373
0.0 0.36939668987092134 0.9751615835186973 0.04296596978332351 0.04967683296260539
0.0 0.8458012229022989 0.8756198965379476 0.07349430054800676 0.042683883130110734
0.0 0.5266269781613346 0.972032222165693 0.02471536492574422 0.02226452912644372
0.0 0.07740961320439715 0.611300941894729 0.03078051109904484 0.029942825863641942
0.0 0.049965474456872626 0.6881440952994105 0.04752129399506465 0.022772362802865764
0.0 0.6181767840253689 0.19088883723495056 0.03918583462835512 0.024896376001195875
0.0 0.7179145304355405 0.449578376773746 0.056018978643047945 0.033895011815220644
0.0 0.1482075062870331 0.4436546878193083 0.04392256098629957 0.0448640027490258
0.0 0.230789811023855 0.703083388359879 0.07443876872356342 0.035845852036337944
0.0 0.43311079389568463 0.7397125731475536 0.028377359364243737 0.021420645970435026
0.0 0.6770100804314048 0.4910086157453556 0.025330868526979633 0.02012142619365903
0.0 0.9892960388750303 0.8217659856749242 0.02140792224993937 0.027394666253036548
0.0 0.35201612121940584 0.8778818414192824 0.0866959322066374 0.03812156066161265
0.0 0.026246699342849376 0.39292020357881197 0.04413024152641332 0.036092961836199866
