0.0 0.5804777249693871 0.6004611729085445 0.0867133909463883 0.08493828624486921
0.0 0.7005182576179505 0.33420328520238396 0.12915577769279485 0.10965561792254447
0.0 0.7375139081478119 0.8171177951991558 0.08049952983856201 0.07712347358465199
0.0 0.9947918489575386 0.4433071537315846 0.010416302084922835 0.0587997928261757
0.0 0.6075249192118645 0.506224557608366 0.06736958563327788 0.06349694877862927
0.0 0.8201353019475937 0.5999877563118934 0.06943912863731383 0.06023087203502653
0.0 0.9975961276888847 0.2738572223484516 0.0048077446222305475 0.05807714760303495
0.0 0.36165136337280274 0.520927564650774 0.09689716696739192 0.09041348844766622
0.0 0.555670116841793 0.07713773123919965 0.0583853298425675 0.05819600522518158
0.0 0.5177432778477669 0.22600213423371315 0.06211083114147192 0.058197905123233806
0.0 0.6764861831068992 0.22537794172763825 0.07917244613170626 0.08330984562635424
0.0 0.24199853524565695 0.45902502931654454 0.05054509669542315 0.05209448263049127
0.0 0.6533509770035744 0.6854002951085567 0.05951297104358666 0.0553164437413215
0.0 0.9769134041666985 0.6869368186593056 0.04617319166660305 0.0559571653604507
0.0 0.3924626767635345 0.6098773336410522 0.050159603357315063 0.05076238811016087
0.0 0.8897875761985778 0.5007375760376453 0.07186557531356808 0.06677222102880481
0.0 0.7867728435993195 0.6462240552902222 0.05482314467430116 0.05499596893787384
0.0 0.21401417300105094 0.14855253364890814 0.06752050668001175 0.07659026719629763
