0.0 0.7071027891575541 0.5962626354831126 0.13513680483382207 0.06922879944918348
0.0 0.4939998151677799 0.9140633230732247 0.4394046830669176 0.17187335385355063
0.0 0.5672627221320843 0.15093101702790135 0.4238631618454168 0.22157472902239295
0.0 0.9297332945366796 0.264941248703528 0.10217873107919073 0.05166559001139681
0.0 0.3620701059712353 0.34625914923281725 0.262568188896794 0.13990713330497928
0.0 0.4385795083737947 0.25222365154501064 0.08887724616475345 0.04532201939523392
0.0 0.8321310246841378 0.040463428463077884 0.11013974925844361 0.056093165644411504
0.0 0.4529389012012225 0.6536564199901427 0.11953896556171223 0.06750620525631923
0.0 0.9602923964518246 0.14816860351622815 0.07941520709635086 0.09549753208160892
0.0 0.4887058586602875 0.10778208662046518 0.1641233947129177 0.0867824479842585
0.0 0.3376083034023347 0.47004474559626697 0.07380226599862932 0.04449442684643673
0.0 0.3548686193311823 0.6681851853738345 0.12135346231203459 0.08039869355732454
