0.0 0.3124710023403168 0.34534698724746704 0.06840699911117554 0.05770301818847656
0.0 0.8767910003662109 0.14712700247764587 0.06828796863555908 0.04411900043487549
0.0 0.16387000679969788 0.22553199529647827 0.09960299730300903 0.12434399127960205
0.0 0.4550270140171051 0.2990509867668152 0.06063598394393921 0.04223299026489258
0.0 0.8081820011138916 0.42380398511886597 0.04681396484375 0.045472025871276855
0.0 0.4953460097312927 0.44482699036598206 0.12265300750732422 0.14010900259017944
0.0 0.7634559869766235 0.5188050270080566 0.060096025466918945 0.04552102088928223
0.0 0.4932829886674881 0.8054530024528503 0.07212898135185242 0.09771203994750977
0.0 0.8738390207290649 0.3975430130958557 0.03538393974304199 0.03454697132110596
0.0 0.6451470255851746 0.5414549708366394 0.042973995208740234 0.03663504123687744
0.0 0.8650180101394653 0.62574702501297 0.04988300800323486 0.10343396663665771
0.0 0.9383620023727417 0.06075499951839447 0.052142977714538574 0.0948989987373352
0.0 0.12862400710582733 0.7079359889030457 0.0861240029335022 0.10563504695892334
0.0 0.10401800274848938 0.7272040247917175 0.14709100127220154 0.1566309928894043
0.0 0.7649790048599243 0.7604399919509888 0.07692193984985352 0.1151130199432373
0.0 0.3062970042228699 0.2602689862251282 0.04454398155212402 0.03520101308822632
0.0 0.425913006067276 0.556020975112915 0.05053001642227173 0.09126996994018555
0.0 0.7099149823188782 0.891336977481842 0.04743802547454834 0.05271303653717041
0.0 0.08847199939191341 0.506302997469902 0.10436399653553963 0.09396699070930481
0.0 0.7905600070953369 0.1355929970741272 0.07352900505065918 0.07677799463272095
0.0 0.642907977104187 0.10808999836444855 0.024904966354370117 0.02406500279903412
0.0 0.14658400416374207 0.6420959830284119 0.07590100169181824 0.03323197364807129
0.0 0.27170300483703613 0.4163469970226288 0.024905025959014893 0.03552401065826416
