0.0 0.8292970061302185 0.6779670119285583 0.14328503608703613 0.19295799732208252
0.0 0.4105679988861084 0.4478040039539337 0.11235898733139038 0.13318699598312378
0.0 0.3737269937992096 0.946461021900177 0.032401978969573975 0.05551803112030029
0.0 0.7133479714393616 0.8729659914970398 0.060752034187316895 0.0989600419998169
0.0 0.9168540239334106 0.5456920266151428 0.048223018646240234 0.06014895439147949
0.0 0.2230670005083084 0.09861502051353455 0.033419013023376465 0.029823005199432373
0.0 0.5871139764785767 0.9438300132751465 0.059574007987976074 0.06196999549865723
0.0 0.2898840010166168 0.7404850125312805 0.0762069821357727 0.07243204116821289
0.0 0.2129019945859909 0.8089240193367004 0.047329992055892944 0.058537960052490234
0.0 0.14659899100661278 0.621167004108429 0.05392799526453018 0.061483025550842285
0.0 0.6994810104370117 0.6420069932937622 0.06605303287506104 0.06607997417449951
0.0 0.5560320019721985 0.7505149841308594 0.026379942893981934 0.05167496204376221
0.0 0.10301599279046059 0.7532960176467896 0.06442999094724655 0.044055938720703125
0.0 0.48148399591445923 0.8937129974365234 0.039762020111083984 0.04838395118713379
0.0 0.25018900632858276 0.948993980884552 0.02467399835586548 0.03034496307373047
0.0 0.6178330183029175 0.12780597805976868 0.05169999599456787 0.04933398962020874
0.0 0.3873339891433716 0.046535998582839966 0.03768497705459595 0.07899302244186401
0.0 0.054402003064751625 0.15192899107933044 0.045795004814863205 0.043796002864837646
0.0 0.78227299451828 0.17987897992134094 0.03531599044799805 0.0563090443611145
0.0 0.8356310129165649 0.40322595834732056 0.03621399402618408 0.031350016593933105
0.0 0.280707985162735 0.3664110004901886 0.04056501388549805 0.030880987644195557
0.0 0.9750019907951355 0.10879898071289062 0.0477069616317749 0.0373460054397583
0.0 0.02482300065457821 0.6097850203514099 0.04964600130915642 0.09549605846405029
0.0 0.5856710076332092 0.32498401403427124 0.02560102939605713 0.03512001037597656
0.0 0.2231149971485138 0.46768200397491455 0.024129003286361694 0.028828024864196777
0.0 0.04092099890112877 0.02148500084877014 0.02323400229215622 0.04285496473312378
0.0 0.8542730212211609 0.29562199115753174 0.10673296451568604 0.08614397048950195
0.0 0.5695719718933105 0.39389801025390625 0.04176294803619385 0.03451204299926758
0.0 0.6549059748649597 0.9487590193748474 0.03375804424285889 0.058753013610839844
0.0 0.7397580146789551 0.018790006637573242 0.0316389799118042 0.03304398059844971
0.0 0.32287898659706116 0.27556300163269043 0.028048992156982422 0.03848695755004883
0.0 0.1850080043077469 0.018172025680541992 0.03869900107383728 0.03256499767303467
0.0 0.33122798800468445 0.08128902316093445 0.0364459753036499 0.034539997577667236
0.0 0.49032101035118103 0.5677840113639832 0.031421005725860596 0.0678490400314331
0.0 0.6093249917030334 0.25580400228500366 0.04443097114562988 0.06364405155181885
0.0 0.32269999384880066 0.8329700231552124 0.034173011779785156 0.022452950477600098
0.0 0.4973359853029251 0.7841770052909851 0.020225971937179565 0.05148899555206299
0.0 0.5399929881095886 0.14503300189971924 0.035537004470825195 0.041252970695495605
0.0 0.6794130206108093 0.5582870244979858 0.0667489767074585 0.033671021461486816
0.0 0.7115679979324341 0.34120702743530273 0.06433796882629395 0.04604601860046387
0.0 0.8865489959716797 0.19969499111175537 0.02619302272796631 0.031129002571105957
0.0 0.2706480026245117 0.5198540091514587 0.022776007652282715 0.02398395538330078
0.0 0.5683119893074036 0.5820800065994263 0.03052997589111328 0.03365898132324219
0.0 0.09871599823236465 0.616150975227356 0.017139002680778503 0.02423703670501709
0.0 0.006685999920591712 0.4792790412902832 0.01275299908593297 0.04181098937988281
0.0 0.009696000721305609 0.7267090082168579 0.01784100104123354 0.026728034019470215
0.0 0.17453600466251373 0.13297098875045776 0.017066001892089844 0.015272974967956543
0.0 0.5895450115203857 0.787322998046875 0.023272037506103516 0.029590964317321777
0.0 0.6062229871749878 0.8302789926528931 0.03645896911621094 0.04104602336883545
0.0 0.45961201190948486 0.20169901847839355 0.024047017097473145 0.08591103553771973
0.0 0.5146880149841309 0.19788101315498352 0.017840981483459473 0.03054600954055786
0.0 0.09308599680662155 0.31624698638916016 0.021720007061958313 0.026727914810180664
0.0 0.28585198521614075 0.5377050042152405 0.03335601091384888 0.022909998893737793
0.0 0.5053799897432327 0.6069110035896301 0.03025302290916443 0.027681946754455566
0.0 0.47202399373054504 0.5090680420398712 0.027149975299835205 0.02672797441482544
