0.0 0.7754506330907719 0.5199959406845294 0.057061422411986085 0.18461178609164863
0.0 0.6781432499038982 0.196488313785845 0.0731499140516737 0.18350143385819745
0.0 0.26852047201657386 0.14344464339882054 0.05246810510292077 0.16407102078186192
0.0 0.06747962486029009 0.1511773650744002 0.10590525310669147 0.20559109978834395
0.0 0.4771352932731251 0.048727494625668256 0.04084194327975649 0.09745498925133651
0.0 0.6166086613761483 0.8387299241179986 0.0792578408900747 0.11973393351740047
0.0 0.15909981779418367 0.17219542065380677 0.022540282958656455 0.05614252051144794
0.0 0.9870256252363343 0.25081265317421675 0.025948749527331505 0.07931591385441486
0.0 0.48404686392899654 0.7333924090349158 0.059233232248184275 0.20067570975500704
0.0 0.489277333250664 0.3931875733720434 0.033032178950912205 0.0960763918109272
0.0 0.8570974486574969 0.32913927167764534 0.03048097707686781 0.09718217225833797
