0.0 0.2998083569220251 0.08837774605888267 0.17393232735137779 0.0953893173043334
0.0 0.4495011181121531 0.7129046444672599 0.061934057963398625 0.03715770969191268
0.0 0.5414625137566287 0.2167680814110851 0.06327601535518179 0.04275593793835661
0.0 0.22354512845636126 0.5514975212065814 0.06332638806770866 0.039537544902299104
0.0 0.6081245844576988 0.5929206562420959 0.07270555110377919 0.04827425348272085
0.0 0.3605140978981063 0.41593192581242994 0.09008907764004753 0.06453453985285507
0.0 0.6260342030515842 0.6941112695667928 0.0697484471764781 0.04410765455094667
0.0 0.4159712365750019 0.37958377217427786 0.05260404141876668 0.03229245580784018
0.0 0.7676572678858464 0.26462383335098905 0.09978180020079486 0.05724698214152782
0.0 0.6032995629424103 0.7973141775627621 0.07957905072002969 0.04366996949257562
0.0 0.38912572605149087 0.5638404298800097 0.043413407662786785 0.025932796958488158
0.0 0.833032300668944 0.3034941415839752 0.059223142753246694 0.03342360382552967
0.0 0.26658331091885334 0.47830714436218613 0.06531393130115498 0.0368126086268718
0.0 0.5547260552694033 0.5935699522533725 0.03834962882250814 0.024244954089534643
