0.0 0.4603314511668142 0.7404911009011932 0.06563151717362214 0.12831485600056614
0.0 0.7706225949051244 0.9426452292470391 0.23708896312497518 0.11470954150592183
0.0 0.23365560136028424 0.12485786829153389 0.21044322256420664 0.24971573658306778
0.0 0.16180968419700767 0.42763599446053385 0.04892241288406013 0.09709792648996629
0.0 0.011116440100373158 0.3108667102247611 0.022232880200746315 0.10184073946810934
0.0 0.4390450323379078 0.18749867385172445 0.13310209313437543 0.24869805486349844
0.0 0.34902193830090383 0.1069343364005815 0.04294901552831254 0.08441433476903515
0.0 0.05832914313828512 0.06219417268635942 0.053150016111836486 0.10461729941909428
0.0 0.5977611899340383 0.6614986500815836 0.0645383077071664 0.11278992668306975
0.0 0.052795212337650485 0.32327904789394807 0.09018499822343812 0.18500456346596497
0.0 0.23753833923574308 0.009658185409916874 0.08250595561704466 0.01931637081983375
0.0 0.5272321091113792 0.3406570380117094 0.042758322501400436 0.06931439443600751
0.0 0.6459611112424982 0.6206649214219776 0.0777912748974059 0.11314916985050583
