0.0 0.3060600161552429 0.31316399574279785 0.05784201622009277 0.04403501749038696
0.0 0.062084972858428955 0.6324449777603149 0.07004594802856445 0.06793701648712158
0.0 0.32613497972488403 0.46179598569869995 0.0565030574798584 0.04897797107696533
0.0 0.26952797174453735 0.37681400775909424 0.05657303333282471 0.04644101858139038
0.0 0.4772459864616394 0.548255980014801 0.04567396640777588 0.03764796257019043
0.0 0.822281002998352 0.5529760122299194 0.046182990074157715 0.041043996810913086
0.0 0.8480159938335419 0.6310809850692749 0.09858900308609009 0.09689700603485107
0.0 0.030443012714385986 0.32869499921798706 0.0556340217590332 0.06245601177215576
0.0 0.41860002279281616 0.5433760285377502 0.03913700580596924 0.046421051025390625
0.0 0.14334899187088013 0.4164760112762451 0.05056798458099365 0.038423001766204834
0.0 0.454600989818573 0.6935719847679138 0.07603704929351807 0.045097947120666504
0.0 0.40827298164367676 0.3066500127315521 0.0365680456161499 0.0384330153465271
0.0 0.3464599847793579 0.20418299734592438 0.05860304832458496 0.04242300987243652
0.0 0.6845990121364594 0.0986969992518425 0.029300987720489502 0.021785005927085876
0.0 0.46483802795410156 0.5957390069961548 0.028128981590270996 0.027518033981323242
0.0 0.022386014461517334 0.4392310082912445 0.03633403778076172 0.03095799684524536
0.0 0.18295800685882568 0.40311399102211 0.029301047325134277 0.020637989044189453
