0.0 0.06967775221120033 0.5840924517516235 0.03991694613546842 0.08868344748731338
0.0 0.10239048792459905 0.7847951669943215 0.034729967023612085 0.06160237628335752
0.0 0.691528360056801 0.3308178748445795 0.03543478014879742 0.04924294179904759
0.0 0.329750122533073 0.3677585228408744 0.02786678873615428 0.04113383319732783
0.0 0.5678018381779008 0.5048144883776216 0.027348192429111018 0.04976601620547011
0.0 0.3678651066187948 0.5638140247564906 0.02337499197617693 0.031247859810802137
0.0 0.5586034492375149 0.23803264630666515 0.02685470372970311 0.035945644425610324
0.0 0.10377551908151214 0.5117531198167894 0.029083678306929553 0.0514242623290217
0.0 0.24267733946999848 0.49412660417585613 0.02832296456841546 0.04063615721975722
0.0 0.23977339419844895 0.11759471170007807 0.01811799729483124 0.03033422729659048
0.0 0.5681083173554868 0.6013940751984524 0.030007154068156683 0.04542855512949706
0.0 0.5196997864037621 0.9368514101615217 0.025641258487483443 0.04018605764362082
0.0 0.25797254982156237 0.27506956497204954 0.020291871821923935 0.028543053607858138
0.0 0.4248012957885519 0.1287697600961639 0.013669586196088601 0.025401702131676085
0.0 0.5188103838834184 0.10590612229046457 0.016367719783799584 0.02750380142924802
0.0 0.27547076315223074 0.03699551767913703 0.014501952707825894 0.028314556734792308
0.0 0.40225850135755026 0.20964560165572785 0.017313220581576805 0.02733360697668441
0.0 0.7796479793405555 0.8574534724298054 0.0359544447370419 0.05030528145448865
0.0 0.5935225460589031 0.6606374984436433 0.025390164965204076 0.04261765764461933
0.0 0.6124773914132464 0.4209855559339414 0.017850042341054695 0.028571694141869497
0.0 0.002520499156949954 0.7027619851111977 0.005040998313899908 0.025327994957624944
0.0 0.1963968054281324 0.1450817576345543 0.025578076525608284 0.04926086785691851
0.0 0.26213129776157096 0.1981273520344876 0.018314861629016133 0.03051725631459315
0.0 0.4470622790596219 0.2516420936908461 0.022261824002519803 0.03372722261630734
0.0 0.8197566516814354 0.8943276730869514 0.015287444302671482 0.024757257450228276
0.0 0.3997609951095076 0.541531963103046 0.022864514292966875 0.0426216418537515
0.0 0.5678680137072382 0.2800927539528693 0.019266658858267505 0.03434817497252751
0.0 0.6101218427994441 0.8576156991581382 0.018457169155959408 0.032132349215361344
0.0 0.17418115497642916 0.19107200862573145 0.014092999905061465 0.017991502450485808
0.0 0.4173101175167695 0.5010210985708167 0.04466183854822747 0.048742131489160956
0.0 0.6686126535847684 0.3674965149009274 0.016282953638709463 0.03940462004199824
0.0 0.7304930732759598 0.2108140764435068 0.0135159116909771 0.023755863141037697
