0.0 0.7358689904212952 0.9288420006632805 0.07917702198028564 0.046146005392074585
0.0 0.9282870292663574 0.5854440033435822 0.08906698226928711 0.05303400754928589
0.0 0.34429603815078735 0.7519949898123741 0.08088099956512451 0.053668007254600525
0.0 0.40549296140670776 0.49937498569488525 0.06264197826385498 0.034852027893066406
0.0 0.31088900566101074 0.2359449863433838 0.12070703506469727 0.06508505344390869
0.0 0.6256920099258423 0.02781498432159424 0.12176704406738281 0.050541043281555176
0.0 0.040157973766326904 0.25311702489852905 0.04858100414276123 0.03815197944641113
0.0 0.46904996037483215 0.34024399518966675 0.0784350037574768 0.05675804615020752
0.0 0.8852750062942505 0.8181609958410263 0.0412139892578125 0.05185699462890625
0.0 0.5050179660320282 0.9461360014975071 0.023801028728485107 0.0171549990773201
0.0 0.09398198127746582 0.42479002475738525 0.08172297477722168 0.04548501968383789
0.0 0.4788999855518341 0.11052602529525757 0.07680302858352661 0.05076301097869873
0.0 0.6052560210227966 0.6324430108070374 0.043620944023132324 0.02976202964782715
0.0 0.5858759880065918 0.2210879921913147 0.05928504467010498 0.029809951782226562
0.0 0.9034169912338257 0.17913097143173218 0.02767205238342285 0.018787026405334473
0.0 0.7968609929084778 0.08789700269699097 0.05478096008300781 0.04988598823547363
0.0 0.8223029971122742 0.5524190068244934 0.08781397342681885 0.05967998504638672
0.0 0.6886540055274963 0.33733201026916504 0.052011966705322266 0.04475700855255127
0.0 0.3831329941749573 0.8575949966907501 0.038822054862976074 0.01840001344680786
0.0 0.5621849894523621 0.156436026096344 0.07062101364135742 0.0351940393447876
0.0 0.6131920218467712 0.8176890015602112 0.04343104362487793 0.01902100443840027
0.0 0.5142580270767212 0.4351609945297241 0.04469001293182373 0.02477097511291504
0.0 0.7149749994277954 0.2261180281639099 0.03283500671386719 0.030642986297607422
0.0 0.6868839859962463 0.6626310050487518 0.040310025215148926 0.019207000732421875
0.0 0.031341999769210815 0.31777697801589966 0.03996998071670532 0.01853203773498535
0.0 0.8393880128860474 0.4591839909553528 0.09493398666381836 0.03825104236602783
0.0 0.7768340110778809 0.04735499620437622 0.03902995586395264 0.018869996070861816
0.0 0.6602640151977539 0.5664350092411041 0.021396994590759277 0.020972013473510742
0.0 0.5261009931564331 0.030404984951019287 0.031116962432861328 0.030019044876098633
0.0 0.7465999722480774 0.7717130035161972 0.01851797103881836 0.011583000421524048
0.0 0.9854249954223633 0.3702859878540039 0.02914905548095703 0.019116997718811035
0.0 0.28919798135757446 0.8879219964146614 0.020892024040222168 0.014978006482124329
0.0 0.6652479767799377 0.9209880009293556 0.022725939750671387 0.01489800214767456
0.0 0.8273810148239136 0.6879090070724487 0.017542004585266113 0.014820992946624756
0.0 0.37794598937034607 0.683010995388031 0.0431399941444397 0.015465974807739258
0.0 0.24957901239395142 0.4374009966850281 0.034721970558166504 0.02356696128845215
0.0 0.19486498832702637 0.5386640131473541 0.01999199390411377 0.016938984394073486
0.0 0.6914979815483093 0.411624014377594 0.0368269681930542 0.02356696128845215
0.0 0.6857110261917114 0.4532349705696106 0.021044015884399414 0.015465974807739258
0.0 0.35742801427841187 0.34386998414993286 0.06734001636505127 0.05155205726623535
0.0 0.5110480189323425 0.16859102249145508 0.01893901824951172 0.014729022979736328
0.0 0.5699710249900818 0.19105297327041626 0.029461026191711426 0.009574055671691895
0.0 0.56523597240448 0.12293100357055664 0.015782952308654785 0.011783003807067871
0.0 0.8945710062980652 0.545293003320694 0.032618045806884766 0.025776028633117676
