0.0 0.45702600479125977 0.9334009885787964 0.16642796993255615 0.1330280303955078
0.0 0.5991069674491882 0.4509359896183014 0.07125699520111084 0.08920198678970337
0.0 0.3116840124130249 0.9141680002212524 0.16792702674865723 0.11812305450439453
0.0 0.4207860231399536 0.6957219839096069 0.16424202919006348 0.13624203205108643
0.0 0.7641950249671936 0.4853290021419525 0.13167798519134521 0.21427100896835327
0.0 0.23563897609710693 0.738864004611969 0.04962897300720215 0.057971954345703125
0.0 0.07884097099304199 0.6395639777183533 0.15591001510620117 0.12418901920318604
0.0 0.9653040170669556 0.9414730072021484 0.06939101219177246 0.07213497161865234
0.0 0.9749720096588135 0.7413070201873779 0.04967498779296875 0.06610500812530518
0.0 0.06076502799987793 0.4202829897403717 0.04739999771118164 0.03236299753189087
0.0 0.020708024501800537 0.9266840219497681 0.041416049003601074 0.06911802291870117
0.0 0.11655902862548828 0.4689509868621826 0.07924604415893555 0.06690001487731934
0.0 0.6193340122699738 0.9656280279159546 0.1704769730567932 0.052037954330444336
0.0 0.25180500745773315 0.554747998714447 0.10128402709960938 0.10624301433563232
