0.0 0.5498674695480353 0.6738797984251752 0.11960939608413113 0.09865712274956884
0.0 0.18407348374156282 0.7658790897162626 0.08094401645201932 0.06885895310461543
0.0 0.08563694530540696 0.9056137542599796 0.07866169724641692 0.058925260637377574
0.0 0.23544798660161065 0.941848893564916 0.05900967504929899 0.04652100567949069
0.0 0.37112192591887094 0.4405831324404278 0.1094206863075175 0.08254067821927485
0.0 0.8576860589642674 0.5627929886206959 0.16399654860536972 0.11268859250521324
0.0 0.92420269734013 0.6726391544433625 0.09920694237935257 0.06741604155957381
0.0 0.2422853885252968 0.8357594887197911 0.0690192453414937 0.04363357606748042
0.0 0.6674609070249631 0.29047616253394637 0.053236210859896826 0.04549614602533353
0.0 0.54098697373526 0.7682277223011498 0.08980966867502355 0.08295910761291747
0.0 0.6818852730693161 0.6223001225727769 0.0490249959902489 0.03940121460213364
0.0 0.09321900765921305 0.724381072977665 0.06620941927708643 0.04630386844838241
0.0 0.5838594784922708 0.4187029805365441 0.05105159643134061 0.03712734116435895
0.0 0.5783690450105705 0.29799129536184044 0.04977975813639124 0.04011518346786053
0.0 0.8448928711900734 0.43423347921852473 0.05521107418679905 0.042084174033024
0.0 0.821851315993792 0.2773809630611951 0.052427406543210875 0.05379333784008011
0.0 0.6511138149231511 0.518979886558835 0.05340330509342328 0.05902457768633579
0.0 0.2717834380386623 0.2187871578474625 0.08811968470042073 0.06557466014074406
0.0 0.23632414602135007 0.5052027416473287 0.059829395337835545 0.042007033879433164
0.0 0.2939994714941076 0.7570408938430959 0.07810440775964278 0.06266886595556176
0.0 0.42267678682042165 0.773157211062188 0.06733623601573979 0.06574826068787243
0.0 0.6153833005932889 0.7604384856141881 0.06776381856292302 0.07829793065192459
0.0 0.3168534664402932 0.5461097911516768 0.09637254146812585 0.06684758026759896
0.0 0.4203254622800005 0.11130177698944795 0.05706077514656971 0.04662577545909816
0.0 0.006640915128616624 0.33430463996540516 0.013281830257233248 0.03051571832644462
0.0 0.9317987119371101 0.4797959663804797 0.06541693921580405 0.0416452178348834
0.0 0.13030598146665434 0.5034257304796086 0.06162806536427938 0.03981122436457274
0.0 0.3931827732277541 0.9156355898005231 0.053035065693930294 0.044486917001480886
0.0 0.06734437577752125 0.8284010257840799 0.0745925286144614 0.06686496490043614
0.0 0.7658422433992775 0.7323421019773191 0.11393175704731662 0.06917357097568977
0.0 0.2759894368343822 0.3287555059159161 0.10972209455832851 0.04390724243692368
0.0 0.31170741296732096 0.41073506964672707 0.05501028447006523 0.032885504437723756
0.0 0.7960201082461883 0.1043891187448914 0.155982013042407 0.07869861810235722
0.0 0.050508020234578704 0.25642233152108884 0.030226921001463104 0.02633334003089241
0.0 0.7125853950751933 0.24460277621540505 0.039833438514180974 0.02508809291760325
0.0 0.818719435085167 0.22397176370615962 0.10849230999756021 0.05018699465972412
0.0 0.31129010207547886 0.8310903576027612 0.03619497520516468 0.02392773878295329
0.0 0.47831541526199217 0.23858223364647185 0.03018194254177614 0.023604449914728765
0.0 0.6848483968600361 0.019778341473364398 0.08976148537390982 0.039556682946728795
0.0 0.8341581126962903 0.6801806040249739 0.031446030644655676 0.02669111102163746
0.0 0.5445894409276947 0.22827866000866281 0.036254767275404554 0.0264900943481908
0.0 0.3703513035174139 0.8777527033557561 0.029195350297463007 0.03704353621369072
0.0 0.44191878344274155 0.49033951357536154 0.040017165376747266 0.027479370107484746
0.0 0.2577891662994202 0.1390413294391754 0.05175470220752418 0.0414166745615257
0.0 0.5405975026456369 0.07771054803015087 0.08409027880516834 0.11115097423090037
0.0 0.4441733929645938 0.3439350475840635 0.04822813676818466 0.05316447496343868
0.0 0.050574520902863115 0.6705126374726234 0.028682314435950505 0.026076809211040053
0.0 0.3085261671332374 0.9400725566848291 0.04401866672699262 0.03579515837579883
0.0 0.3207444674104493 0.6056208764553113 0.025661966225804522 0.022738926077428556
0.0 0.24850909566605367 0.5662679408316568 0.040345286240506234 0.032372351954090384
0.0 0.4880501669156244 0.4730865228866902 0.04814814433514675 0.04041101865747415
0.0 0.5292743307235874 0.4585332766621534 0.033694279773519464 0.029951801284533952
0.0 0.8011008872891114 0.7993709687650279 0.06651628244921359 0.048792963235148146
0.0 0.884475555991922 0.7405434255593082 0.028141414865147762 0.020238440812747727
0.0 0.7156472420569634 0.586160185370454 0.04413740170106584 0.026927615126160376
0.0 0.3462654493823286 0.2833869874966737 0.05201090355897692 0.045417902252881504
0.0 0.5994863342178636 0.1843535633987326 0.07970318309434166 0.0810634788152643
0.0 0.5380163513528629 0.20166213633009028 0.020378278634882396 0.019713616311939214
0.0 0.5976862201005377 0.12585844330270918 0.0314534675771847 0.03186780570319529
0.0 0.21387107836698976 0.3735343971548839 0.02302987910856033 0.021342533000635544
0.0 0.47001191059992053 0.43120667943510343 0.038745646661985544 0.026752083687887618
0.0 0.49388530758167115 0.3111592513231721 0.06442604633516685 0.04972248028775633
0.0 0.421410684681715 0.272647526139993 0.1202587359059002 0.10560643345800877
0.0 0.38732690384644725 0.31629154651914687 0.04834061758362984 0.04611556094436864
0.0 0.03256149838622614 0.435894887584763 0.05846255993899929 0.03646508935134496
0.0 0.09742730951533485 0.348432291942693 0.046939493452845996 0.03971925469096138
0.0 0.45833502618698874 0.5194168377171636 0.040146735217394425 0.033148356762940034
0.0 0.9593955340265536 0.5462925311582756 0.04836811050431633 0.02878825148178288
