0.0 0.971373975276947 0.500590980052948 0.05239403247833252 0.14291298389434814
0.0 0.21229499578475952 0.9421129822731018 0.034056007862091064 0.09925603866577148
0.0 0.3614560067653656 0.26135700196027756 0.05076301097869873 0.12797798216342926
0.0 0.5585950016975403 0.314222015440464 0.09662103652954102 0.22306101024150848
0.0 0.24049000442028046 0.17263199388980865 0.023478001356124878 0.10938999056816101
0.0 0.3454650044441223 0.698885977268219 0.021942973136901855 0.07090604305267334
0.0 0.7610809803009033 0.4386799931526184 0.04132497310638428 0.11316698789596558
0.0 0.662883996963501 0.40927600860595703 0.02477705478668213 0.056478023529052734
0.0 0.20372900366783142 0.3812839984893799 0.04219499230384827 0.09244799613952637
0.0 0.8131030201911926 0.23453499376773834 0.0196230411529541 0.05962398648262024
0.0 0.24726499617099762 0.46552199125289917 0.0474260151386261 0.09954297542572021
0.0 0.44093000888824463 0.2529999911785126 0.01651400327682495 0.06521499156951904
0.0 0.45617398619651794 0.17474199831485748 0.01651400327682495 0.06521499156951904
0.0 0.3742380142211914 0.13479800522327423 0.013974010944366455 0.040758997201919556
0.0 0.11445600166916847 0.5562480092048645 0.022866003215312958 0.022825002670288086
0.0 0.3955160081386566 0.7771620154380798 0.019689977169036865 0.050541043281555176
0.0 0.4161590039730072 0.7478150129318237 0.013974010944366455 0.03097701072692871
0.0 0.3669329881668091 0.05083499662578106 0.03366398811340332 0.06195399537682533
0.0 0.20719000697135925 0.5676599740982056 0.0660569965839386 0.1565150022506714
0.0 0.26689499616622925 0.5415740013122559 0.0330280065536499 0.0586930513381958
