0.0 0.3254539966583252 0.10798501968383789 0.093284010887146 0.04418003559112549
0.0 0.6226450204849243 0.2764359712600708 0.06531703472137451 0.04786205291748047
0.0 0.5353350043296814 0.6457690000534058 0.05021703243255615 0.030234992504119873
0.0 0.29815399646759033 0.6393040120601654 0.0539969801902771 0.05102801322937012
0.0 0.6342170238494873 0.7552309930324554 0.044486045837402344 0.028683006763458252
0.0 0.2585820034146309 0.7933720052242279 0.03241400420665741 0.023532003164291382
0.0 0.7932209968566895 0.949533000588417 0.0589909553527832 0.037928998470306396
0.0 0.4570940136909485 0.6371650099754333 0.03593802452087402 0.024376988410949707
0.0 0.5102120041847229 0.2897700071334839 0.053439974784851074 0.0282210111618042
0.0 0.44644099473953247 0.7437120079994202 0.030605018138885498 0.026980996131896973
0.0 0.13505500555038452 0.7589010000228882 0.03582599759101868 0.019024014472961426
0.0 0.5585899949073792 0.5396490097045898 0.05056202411651611 0.03538602590560913
0.0 0.16550399363040924 0.5263940095901489 0.035052984952926636 0.019999980926513672
0.0 0.23420800268650055 0.31991201639175415 0.04359498620033264 0.0373460054397583
0.0 0.3218120038509369 0.8582469969987869 0.056963980197906494 0.025204002857208252
0.0 0.28732699155807495 0.5419490039348602 0.03271001577377319 0.022596001625061035
0.0 0.10306300222873688 0.3854359984397888 0.031359001994132996 0.021708011627197266
0.0 0.9196270108222961 0.9181409981101751 0.047425031661987305 0.06503800675272942
0.0 0.22822100669145584 0.6067590117454529 0.0529550164937973 0.025557994842529297
0.0 0.5579699873924255 0.47777998447418213 0.03245997428894043 0.016705036163330078
0.0 0.5699229836463928 0.6933090090751648 0.030789971351623535 0.02180999517440796
0.0 0.4484120011329651 0.8293959945440292 0.02951502799987793 0.02386900782585144
0.0 0.4997440129518509 0.8929430022835732 0.04219302535057068 0.030904993414878845
0.0 0.611624002456665 0.5708189904689789 0.03105902671813965 0.016910016536712646
0.0 0.3488270044326782 0.7514909952878952 0.037149012088775635 0.02634599804878235
0.0 0.49225300550460815 0.7397139966487885 0.03334701061248779 0.018655002117156982
0.0 0.4147140085697174 0.2255060076713562 0.032620012760162354 0.021450042724609375
0.0 0.13655099645256996 0.06944400072097778 0.030333004891872406 0.023130059242248535
0.0 0.38896098732948303 0.876034002751112 0.021665990352630615 0.014538995921611786
0.0 0.3434619903564453 0.4015309810638428 0.05199897289276123 0.019826054573059082
