0.0 0.7708379762384467 0.6362569455028189 0.16306119457680268 0.19587037176076316
0.0 0.09036146066357059 0.5000620603463392 0.10165133961134402 0.08447968792015725
0.0 0.18540470577493484 0.17108006507343904 0.12528370110127862 0.13384086336147638
0.0 0.8577235897032731 0.43935688185798094 0.180318589167474 0.20561819561064004
0.0 0.6475955686536534 0.5267640147624026 0.03983585100536191 0.053584495980519786
0.0 0.834378966966972 0.09094872864955895 0.08671749415049423 0.06846796897983412
0.0 0.6288151400235301 0.46770977604397596 0.05354014406310381 0.07545698950093838
0.0 0.6760872472189987 0.42501560645449954 0.024953014738171242 0.033369158473920024
0.0 0.35262664382789255 0.6050092425881861 0.0766266246590766 0.05317768117486377
0.0 0.2543692736001662 0.6809457187891983 0.04697918124775613 0.03924780069831035
