0.0 0.23467050850391388 0.9172407711297274 0.269891756772995 0.1655184577405453
0.0 0.07972890019416809 0.8825690243765711 0.15945780038833618 0.2348619512468576
0.0 0.8198678976297378 0.8009198074042797 0.16786503195762636 0.1521781012415886
0.0 0.8087398952245712 0.9315388618782162 0.09466100335121164 0.12552170269191265
0.0 0.1671968048810959 0.06594731195829809 0.10196540951728819 0.09059246154502035
0.0 0.9976165550947189 0.8483060122281313 0.004766889810562169 0.1099448718130589
0.0 0.183723691701889 0.49349842060357335 0.07434085607528687 0.07489707469940188
0.0 0.19062142133712767 0.26621782805770633 0.060810613632202165 0.0805724199861288
0.0 0.44743716776371 0.416900290902704 0.18426856398582458 0.2346608763560653
0.0 0.6798893368244172 0.9644838404282927 0.14226404428482053 0.07103231914341446
