0.0 0.5477784058242614 0.1510724554717676 0.24657476625968344 0.18884589145316127
0.0 0.4784719380388125 0.6168099366576398 0.1753265114977836 0.14340837507857918
0.0 0.9773833140728965 0.5238550909624029 0.04523337185420695 0.04577204219196096
0.0 0.7859610957498661 0.21325865721334225 0.12160320597616225 0.08449526434483526
0.0 0.3828153122395555 0.10024838397715653 0.07821900352926159 0.06231992253076926
0.0 0.20260467082097375 0.8888864349513934 0.04240800315757243 0.0401269901241631
0.0 0.904581987226483 0.31746497014049024 0.08435825083724202 0.07380485792108032
0.0 0.815629017660344 0.6583788448315233 0.10110698027861775 0.09264566638486615
0.0 0.9130594229570977 0.7154172870433995 0.07627598611081288 0.06103753276880308
0.0 0.7515675318080322 0.8282179764731183 0.0817211942435393 0.06820031916430624
0.0 0.5615018927967799 0.2863263685240383 0.0909168925584748 0.08115285670830871
0.0 0.7241326175824321 0.39752196880103724 0.061461443339841826 0.038936392346432425
0.0 0.899619535567024 0.8364076514621583 0.06838969159713437 0.0738933891670247
0.0 0.8950014629468583 0.4329029177580705 0.06328987082800375 0.05107284260154665
0.0 0.08113071387375617 0.4982740440691591 0.06878648826201639 0.06290257672302535
0.0 0.08816937727576284 0.7429247054222379 0.09294630366722181 0.056957601565614024
0.0 0.07023458646598027 0.3252624529416255 0.06947822063975262 0.04880394121059689
0.0 0.27206506569326344 0.2158375920694499 0.04499263289715616 0.04323334648119184
0.0 0.4470177917802244 0.7638329741945429 0.04618497126857973 0.04733448687213737
0.0 0.7866745978187761 0.9493262508031364 0.11392303739231335 0.07282398385126221
0.0 0.2895357106061117 0.4785914983851836 0.04469644708657866 0.03390765030463916
0.0 0.569715381289537 0.7935824010838157 0.03787626445093928 0.030855223646072294
0.0 0.15791852732163836 0.22552047545642168 0.12638548705549602 0.1258069562635911
0.0 0.36422588537527506 0.4764269473390723 0.050253693830232704 0.04943414143624664
0.0 0.8836381944453706 0.2504079090686299 0.07131536162454843 0.04792291829097206
0.0 0.3405683849204292 0.7463587188028288 0.04897904415393123 0.037152156411022874
0.0 0.13709475841372304 0.9465812248691523 0.047148687658608746 0.04595837024363336
0.0 0.14413133382291793 0.7883996901656332 0.048254310294972805 0.044281804511921874
0.0 0.5674146619201934 0.5084509352321297 0.07947258684666891 0.04800278863896934
0.0 0.21170045745202914 0.47349344143457534 0.08024996171074336 0.05954224351317772
0.0 0.8951167023218234 0.6026637419636203 0.03536412421105395 0.03895642861251358
0.0 0.7799967895049331 0.44579187772252993 0.058930141433733874 0.03291662460119266
0.0 0.12794518766561858 0.5693630953764877 0.0545854720910072 0.04513238721245616
0.0 0.48587281962046047 0.3274086135117289 0.05894346057387617 0.07346333339357625
0.0 0.2576730487324582 0.35223474893925577 0.07033423646705614 0.07431773802692015
0.0 0.05018944574051343 0.21895919047034854 0.04095210418010498 0.033452023529774166
0.0 0.6034906190642306 0.7339909404090239 0.03254177733468222 0.028292015414302374
0.0 0.5519001276752664 0.42907920464698024 0.04512233926167786 0.03831356790641688
0.0 0.764834092896336 0.8759779425743064 0.03064432036308473 0.02288722749417016
0.0 0.6637689637934084 0.9945134093438452 0.04645374946069092 0.010973181312309399
0.0 0.908752057313955 0.9338268991708182 0.03338988691229705 0.024211376631601222
0.0 0.25528354919065754 0.9271131706497937 0.021699496117877526 0.020502732877074492
0.0 0.7479699157119151 0.35550091034233344 0.038308464112354 0.030220547514541896
0.0 0.7843415703959712 0.3282296327182046 0.05473112702178762 0.045973641256032594
0.0 0.21496034104816725 0.6327385226901111 0.09462827311400127 0.045508986297329246
0.0 0.19016366900100218 0.5802786057526059 0.037187806759428094 0.0251967902713065
0.0 0.4686514412166187 0.9588475068570063 0.034868709024438393 0.027975505405930523
0.0 0.6154510870628253 0.7146297018116157 0.035507276412720445 0.03828158261727266
0.0 0.6005946917384222 0.4837389986252554 0.039071096847605236 0.03650212153745236
0.0 0.5159830766990335 0.541361022264488 0.036939041205379664 0.033244722912938784
