0.0 0.8292970061302185 0.32203298807144165 0.14328503608703613 0.19295799732208252
0.0 0.4105679988861084 0.5521959960460663 0.11235898733139038 0.13318699598312378
0.0 0.3737269937992096 0.053538978099823 0.032401978969573975 0.05551803112030029
0.0 0.7133479714393616 0.1270340085029602 0.060752034187316895 0.0989600419998169
0.0 0.9168540239334106 0.4543079733848572 0.048223018646240234 0.06014895439147949
0.0 0.2230670005083084 0.9013850018382072 0.033419013023376465 0.029823005199432373
0.0 0.5871139764785767 0.056169986724853516 0.059574007987976074 0.06196999549865723
0.0 0.2898840010166168 0.2595149874687195 0.0762069821357727 0.07243204116821289
0.0 0.2129019945859909 0.19107598066329956 0.047329992055892944 0.058537960052490234
0.0 0.14659899100661278 0.37883299589157104 0.05392799526453018 0.061483025550842285
0.0 0.6994810104370117 0.3579930067062378 0.06605303287506104 0.06607997417449951
0.0 0.5560320019721985 0.24948501586914062 0.026379942893981934 0.05167496204376221
0.0 0.10301599279046059 0.24670398235321045 0.06442999094724655 0.044055938720703125
0.0 0.48148399591445923 0.10628700256347656 0.039762020111083984 0.04838395118713379
0.0 0.25018900632858276 0.051006019115448 0.02467399835586548 0.03034496307373047
0.0 0.6178330183029175 0.8721940107643604 0.05169999599456787 0.04933399707078934
0.0 0.3873339891433716 0.9534640032798052 0.03768497705459595 0.07899299636483192
0.0 0.054402003064751625 0.8480709940195084 0.045795004814863205 0.043796002864837646
0.0 0.78227299451828 0.8201210051774979 0.03531599044799805 0.056309014558792114
0.0 0.8356310129165649 0.5967740118503571 0.03621399402618408 0.031350016593933105
0.0 0.280707985162735 0.6335889995098114 0.04056501388549805 0.030880987644195557
0.0 0.9750019907951355 0.8912010006606579 0.0477069616317749 0.037345997989177704
0.0 0.02482300065457821 0.3902149796485901 0.04964600130915642 0.09549605846405029
0.0 0.5856710076332092 0.6750159859657288 0.02560102939605713 0.03512001037597656
0.0 0.2231149971485138 0.5323179960250854 0.024129003286361694 0.028828024864196777
0.0 0.04092099890112877 0.9785150000825524 0.02323400229215622 0.042854996398091316
0.0 0.8542730212211609 0.7043780088424683 0.10673296451568604 0.08614397048950195
0.0 0.5695719718933105 0.6061019897460938 0.04176294803619385 0.0345119833946228
0.0 0.6549059748649597 0.05124098062515259 0.03375804424285889 0.058753013610839844
0.0 0.7397580146789551 0.9812100017443299 0.0316389799118042 0.03304399736225605
0.0 0.32287898659706116 0.7244369983673096 0.028048992156982422 0.038487017154693604
0.0 0.1850080043077469 0.9818279994651675 0.03869900107383728 0.032565003260970116
0.0 0.33122798800468445 0.9187109991908073 0.0364459753036499 0.034539997577667236
0.0 0.49032101035118103 0.43221598863601685 0.031421005725860596 0.0678490400314331
0.0 0.6093249917030334 0.7441959977149963 0.04443097114562988 0.06364399194717407
0.0 0.32269999384880066 0.1670299768447876 0.034173011779785156 0.022452950477600098
0.0 0.4973359853029251 0.2158229947090149 0.020225971937179565 0.05148899555206299
0.0 0.5399929881095886 0.8549669981002808 0.035537004470825195 0.04125300049781799
0.0 0.6794130206108093 0.44171297550201416 0.0667489767074585 0.033671021461486816
0.0 0.7115679979324341 0.6587930023670197 0.06433796882629395 0.04604601860046387
0.0 0.8865489959716797 0.8003049939870834 0.02619302272796631 0.031129002571105957
0.0 0.2706480026245117 0.48014599084854126 0.022776007652282715 0.02398395538330078
0.0 0.5683119893074036 0.41791999340057373 0.03052997589111328 0.03365898132324219
0.0 0.09871599823236465 0.38384902477264404 0.017139002680778503 0.02423703670501709
0.0 0.006685999920591712 0.520720973610878 0.01275299908593297 0.0418110191822052
0.0 0.009696000721305609 0.2732909917831421 0.01784100104123354 0.026728034019470215
0.0 0.17453600466251373 0.867028996348381 0.017066001892089844 0.01527300477027893
0.0 0.5895450115203857 0.212677001953125 0.023272037506103516 0.029590964317321777
0.0 0.6062229871749878 0.16972100734710693 0.03645896911621094 0.04104602336883545
0.0 0.45961201190948486 0.7983009964227676 0.024047017097473145 0.08591100573539734
0.0 0.5146880149841309 0.8021190017461777 0.017840981483459473 0.03054600954055786
0.0 0.09308599680662155 0.6837530136108398 0.021720007061958313 0.02672797441482544
0.0 0.28585198521614075 0.4622949957847595 0.03335601091384888 0.022909998893737793
0.0 0.5053799897432327 0.3930889964103699 0.03025302290916443 0.027681946754455566
0.0 0.47202399373054504 0.49093197286129 0.027149975299835205 0.026728004217147827
