0.0 0.5812940001487732 0.22379601001739502 0.14530301094055176 0.2274479866027832
0.0 0.5669450163841248 0.6155380010604858 0.127189040184021 0.23454999923706055
0.0 0.3918110132217407 0.4090939909219742 0.08515900373458862 0.19128099083900452
0.0 0.18399299681186676 0.8799609951674938 0.08998498320579529 0.159000001847744
0.0 0.14662399888038635 0.3599470257759094 0.0865049958229065 0.17167603969573975
0.0 0.35935598611831665 0.9182339981198311 0.043518006801605225 0.14165599644184113
0.0 0.13204200565814972 0.5970799922943115 0.07205000519752502 0.13114798069000244
0.0 0.2737079858779907 0.818681001663208 0.07871699333190918 0.06808000802993774
0.0 0.4814870059490204 0.4469760060310364 0.03906899690628052 0.08870601654052734
0.0 0.38752299547195435 0.6443490087985992 0.037921011447906494 0.09864002466201782
0.0 0.6111170053482056 0.5384329855442047 0.03268897533416748 0.07059800624847412
0.0 0.45169198513031006 0.053758978843688965 0.07986098527908325 0.10584104061126709
0.0 0.5396559834480286 0.9446399994194508 0.09783101081848145 0.11072000116109848
