0.0 0.5482651495490661 0.1597095751208773 0.1281199987949233 0.304815944806043
0.0 0.19912326353201312 0.6775342827948752 0.06078905633300208 0.16058644813477763
0.0 0.2115145704346784 0.9800960820373648 0.049177280416647595 0.039807835925270374
0.0 0.9822393125113942 0.4057989252621538 0.03552137497721153 0.12842670826304148
0.0 0.38038509526524855 0.45051677809889373 0.05886730411757418 0.16166078028929542
0.0 0.7252821873187305 0.0066717894565915615 0.06081763610713031 0.013343578913183123
0.0 0.8131075364896707 0.3151203772416463 0.03139117632780197 0.08979166801355781
0.0 0.4091283780098766 0.9408418152839666 0.05352242131563212 0.11831636943206691
0.0 0.46701235149546094 0.3389569362992551 0.03070063969676201 0.07645406715300618
0.0 0.8698354821334966 0.04351650325807743 0.0634507941247251 0.08703300651615486
0.0 0.7616657576218402 0.4272142712536505 0.056424243619011216 0.10516260565106622
0.0 0.9175737633044956 0.08758298240850332 0.0857800214949812 0.17516596481700664
0.0 0.8616263976499843 0.10040615345873517 0.050110618618243064 0.10028568581296224
0.0 0.30369843231717586 0.3116175246582169 0.02789180212813086 0.07063383674341767
0.0 0.638754945991316 0.02022426804754158 0.020488858192686088 0.04044853609508316
0.0 0.6185776760742815 0.002674794136916229 0.0254938305762602 0.005349588273832458
