0.0 0.5293764356900039 0.2841910273980292 0.12474731182168125 0.10454949609911893
0.0 0.1459023986227492 0.3157418179092507 0.0845609727397363 0.07288066612473076
0.0 0.013821348121131201 0.21468656042840434 0.027642696242262402 0.06270333231293934
0.0 0.10794635646500014 0.13134317347318475 0.061400718567615906 0.04939296256032552
0.0 0.47724084348047513 0.5647157025528541 0.11360563331887175 0.08780543802506413
0.0 0.8684382006274476 0.28971890824490426 0.16953243820094943 0.12039965916047876
0.0 0.876645601110744 0.1633856928427347 0.10250547327903903 0.07206845002635084
0.0 0.1658449681964259 0.2301926809848172 0.07109567239118467 0.04681703737978027
0.0 0.8246378987474359 0.6111613548595148 0.05562896330194811 0.048144586089810426
0.0 0.4752929260960534 0.19719411705536227 0.09426101281417176 0.0875281923375145
0.0 0.6767073101663708 0.29031242807933727 0.05106169548579209 0.0417994755889779
0.0 0.08193429454479054 0.38488685170710185 0.06849842752383997 0.04943019362635792
0.0 0.6848890546898081 0.5162358731242809 0.05291172407844613 0.03956114209194028
0.0 0.7384784898390659 0.6330342501937807 0.051854987695727606 0.042552116522244554
0.0 0.9190791873452895 0.41637418404146453 0.057351860683868106 0.04474775772580425
0.0 0.9731447246518121 0.573325591007944 0.05371055069637565 0.056548020728845905
0.0 0.6984309310320191 0.3987794594396613 0.056697962738124 0.06189947002202323
0.0 0.4930527816804075 0.8084060306552824 0.09142995859865188 0.06979989497905459
0.0 0.32099720393042463 0.547076313322404 0.0619088610831125 0.0448347923742185
0.0 0.25199912784734224 0.28834010291662193 0.08134227852620105 0.06648798241659287
0.0 0.36333159909633334 0.23105211209309837 0.07091077214359465 0.06923182671223965
0.0 0.5479763021055375 0.18037131039174586 0.07217169470753804 0.08200132964204263
0.0 0.37569058967224145 0.4818590632281448 0.09966753946309309 0.07138919044077896
0.0 0.6828604082067466 0.8624072426377011 0.059482511739082145 0.04942962687016572
0.0 0.18269229628568756 0.7877993498522056 0.0336488522412092 0.032159272283498685
0.0 0.9718563907969341 0.344643457511737 0.05628721840613182 0.04466723175658327
0.0 0.22367915564826435 0.5833182940101378 0.06353894623179304 0.04266763012343444
0.0 0.26676355385770356 0.10491594931247727 0.05536282923824537 0.04711170476481906
0.0 0.02324411119729834 0.2942128355208833 0.04648822239459668 0.07062666188442085
0.0 0.7009707631677307 0.15810923923123393 0.11716866231653289 0.07438207909612989
0.0 0.4434958661465183 0.7022620301174405 0.11132198614869915 0.048553207720408276
0.0 0.436726144285179 0.6125155635864541 0.056538857569405965 0.0353919849166805
0.0 0.977236693482959 0.7465629706033033 0.0455266130340819 0.08556866751575098
0.0 0.26983978238322803 0.844657414116706 0.031618983880179086 0.027845261334721427
0.0 0.8887245658819655 0.6401625974227931 0.041025511402007275 0.026923842526691555
0.0 0.9708892014583086 0.6252323043369541 0.058221597083382925 0.054891235082976
0.0 0.2320186869130956 0.2121541667367593 0.037353748579328994 0.02561424278739219
0.0 0.6746971361682752 0.7222419988779161 0.031392214489407655 0.025070288538162733
0.0 0.9655272712134246 0.873389724800084 0.06894545757315085 0.06471787411921737
0.0 0.7895910366629577 0.1855439968897183 0.03284711991892786 0.028252522449007333
0.0 0.7410807546149387 0.7104616157235741 0.037584024063429644 0.028220497743770556
0.0 0.26403331532908836 0.1484494782895614 0.03131558288139466 0.03869304410798194
0.0 0.5186197732587233 0.4942387589537162 0.04136678397684296 0.02936067067311854
0.0 0.5188547469809277 0.8889450223145778 0.05389288497110917 0.043945563222975936
0.0 0.8105700998663474 0.8552176648439542 0.09049483514793188 0.11597460539786641
0.0 0.5918701672842512 0.6329922420704706 0.051194150845451314 0.05575848469215927
0.0 0.06862557884220588 0.45010737360318187 0.03007601421012756 0.02752921955786175
0.0 0.176486357542941 0.10922107219512339 0.04587527993949009 0.037955318020322135
0.0 0.35036758884017943 0.4238913371858009 0.026869354976370996 0.024028746540314283
0.0 0.30259969764524697 0.48492508101875936 0.042017852923411925 0.03434514504994313
0.0 0.5697274555743745 0.49564353315069853 0.05026297626886567 0.04279432566685126
0.0 0.6149783501616899 0.49607525792661483 0.03528596694576991 0.03164689759204242
0.0 0.7010427141051355 0.08275687212137449 0.0689679045654843 0.051970849834020616
0.0 0.8068488505003778 0.1116354460054871 0.029151555700077436 0.021576324579934164
0.0 0.7255401960734219 0.3137428270971946 0.045400005649434805 0.0289475068970238
0.0 0.5306295597831177 0.7225859460743462 0.05441332390403597 0.04802117465683853
0.0 0.8132704232658203 0.7344220154422584 0.08415070050234852 0.08523963469377094
0.0 0.7479309118792545 0.7379627812052632 0.021447756975822907 0.020764864153195117
0.0 0.8400359639698282 0.790740393174001 0.03320047719174091 0.03351386747245422
0.0 0.3642034493187592 0.6798414923442893 0.024175962371308923 0.02251531131883111
0.0 0.5733789288305637 0.5414232002849562 0.040062185886514334 0.02857599492506402
0.0 0.653838853938171 0.6480196989220275 0.06696515814021442 0.052840633620193755
0.0 0.6054405109669977 0.7083299382551966 0.12585312271822247 0.1116353224181843
0.0 0.5526621100204179 0.677854825762698 0.05083427313097355 0.04859872698953349
0.0 0.16598402933200174 0.6795116408540078 0.060188343076853806 0.039153570974859275
0.0 0.268567976145655 0.7417041402843869 0.049022796887409986 0.042047992442016624
0.0 0.5196890796921358 0.4611853852644179 0.041873595586517154 0.03512668905216082
0.0 0.9706501180040892 0.2722950592825274 0.04970363987941495 0.030990022706035403
