0.0 0.8853320181369781 0.39416399598121643 0.15413302183151245 0.07462900876998901
0.0 0.0794370174407959 0.6646040081977844 0.15057098865509033 0.11126399040222168
0.0 0.5338490009307861 0.596422016620636 0.18145596981048584 0.07261395454406738
0.0 0.4278470277786255 0.1728299967944622 0.2328740358352661 0.13444498926401138
0.0 0.08410799503326416 0.25036001205444336 0.12943696975708008 0.09032100439071655
0.0 0.7580209970474243 0.731531023979187 0.26181507110595703 0.1207430362701416
0.0 0.07494497299194336 0.5135409832000732 0.14631903171539307 0.08517301082611084
0.0 0.4222949743270874 0.7440069913864136 0.20126795768737793 0.12520194053649902
0.0 0.21177399158477783 0.8499780297279358 0.17626404762268066 0.06979894638061523
0.0 0.43342500925064087 0.4037800133228302 0.14307701587677002 0.06739598512649536
0.0 0.8582020103931427 0.4743880033493042 0.06084400415420532 0.07412099838256836
0.0 0.13620597124099731 0.9656680226325989 0.07304799556732178 0.04491901397705078
0.0 0.7300730049610138 0.5786870121955872 0.07722097635269165 0.034564971923828125
0.0 0.6369459927082062 0.375124990940094 0.1301479935646057 0.04452097415924072
0.0 0.7593240141868591 0.3821829855442047 0.09518301486968994 0.07818299531936646
0.0 0.2649570107460022 0.4690530002117157 0.04273498058319092 0.023889005184173584
