0.0 0.30175300242263015 0.5039802228963921 0.09862576981801036 0.11938671467159162
0.0 0.22913604278789385 0.8934566012186695 0.06312496696884098 0.10007402084008887
0.0 0.274902239759537 0.1040626975663182 0.07044246791947356 0.0815028945702672
0.0 0.6923309630489155 0.7192196675305278 0.04598058290791984 0.05182697125428659
0.0 0.5820930689604461 0.37985236767497566 0.0756443340051034 0.10345032375963031
0.0 0.48198956699961426 0.3008364493731329 0.07760091468926827 0.09916205368909331
0.0 0.6724439768123152 0.8833492037033239 0.054897421381658984 0.0485985903735866
0.0 0.18674010028604607 0.14616037083775882 0.04495696816210604 0.07107480798766785
0.0 0.36367089225993426 0.8553569783236656 0.11026931815557728 0.16396126181763226
0.0 0.8442272845472784 0.3303900415449659 0.06767980323789624 0.08603691658166135
0.0 0.6339403254781444 0.3231652922209344 0.0343622738779622 0.05860912119219641
0.0 0.6984516477219893 0.6282137452316603 0.03777638484621504 0.046678787574766956
0.0 0.5052113005237531 0.8652283239075046 0.04686443103577731 0.05768674194061063
0.0 0.07377264995545799 0.11219862326362778 0.046599687989184 0.06015724605112749
0.0 0.5474304256352541 0.22003827906976986 0.04347736366244881 0.06524960505681854
0.0 0.45069366818322565 0.6448474106446231 0.056837943952511516 0.04812067269002107
0.0 0.4307584209393003 0.9491255723876322 0.046450061642221485 0.07116473612129715
0.0 0.5681786365854071 0.603399963634228 0.03509043611383211 0.0482743618585334
0.0 0.19443598387425307 0.550645494649028 0.07914576298628834 0.06552711214715679
0.0 0.07531015378100689 0.2810043167758337 0.04572766907496921 0.05722456214634691
0.0 0.925455410901314 0.5120378706586726 0.03907794789383112 0.058109030394842165
0.0 0.8456530286835087 0.09364914659238602 0.024304560600617697 0.02844848786380129
0.0 0.25985100629692315 0.2242628959515133 0.06578875931823122 0.08549458201002608
0.0 0.7326245467717252 0.7774274415223694 0.024173501702766553 0.03820093582745987
0.0 0.33399662269974295 0.6519065015230181 0.03917623534970771 0.04899081419184259
0.0 0.20255068106930346 0.47169625187776176 0.08278903160990578 0.08947613931656923
0.0 0.7902237457662438 0.5332441798340328 0.026732730888698986 0.03349950803585244
0.0 0.21955508591197703 0.3495396451629853 0.06552479577101109 0.06376672191194771
0.0 0.33560229026742605 0.029205308226828652 0.044929431826360444 0.04918719836899636
0.0 0.5643451225962441 0.11640296208237927 0.03684199229064444 0.06310332824431171
0.0 0.5192292229321898 0.44078181262841953 0.0294019643963076 0.043271431005005634
0.0 0.729879960516989 0.3068688332320457 0.04176250481926447 0.10834059707733706
0.0 0.6917805774902368 0.23210604697209303 0.028217053455326768 0.026212197750866417
0.0 0.1779069287256442 0.22041065913394897 0.02288916131441887 0.03574804998427897
0.0 0.7899778630498602 0.6042852428574546 0.027518162534867385 0.03963504717577515
0.0 0.6062599866546892 0.9793016567346415 0.0501066290643033 0.04139668653071682
0.0 0.11869758270982755 0.2686898327018922 0.03919735380242763 0.029072150124674068
0.0 0.7330800347255372 0.8868751756814297 0.042897225667208216 0.10168610674982492
0.0 0.8624902716263414 0.8986686446647584 0.07330231620838812 0.14780042537007443
0.0 0.06247499452349725 0.18638404518716695 0.03847716669471752 0.045533613524600475
0.0 0.35683982759319016 0.9651381731135904 0.025446524356162126 0.04546780426399666
0.0 0.14140558489601676 0.003992578685967432 0.04662853136290157 0.007985157371934865
0.0 0.21704790589512485 0.6875149078118187 0.043783447242843804 0.06755733026673538
0.0 0.5258769559621455 0.49210101608067014 0.03941475565361363 0.034040445927638496
0.0 0.7980064624175294 0.669861735009005 0.04200609925901444 0.043704622972358886
0.0 0.6664265949713414 0.41060899688560476 0.03525826635514595 0.04954933719835064
0.0 0.675842634389735 0.4744022957651578 0.05169905893128546 0.04584717444538927
0.0 0.11491483476797906 0.7346782661759994 0.04541288772921026 0.07561500733310267
0.0 0.18369587555094047 0.7158285934729869 0.037816033173972335 0.10779136641471199
0.0 0.23804607798449204 0.8004937742895335 0.03534091970213987 0.04126967050086672
0.0 0.2598015668158803 0.8103146090628809 0.030323439054610074 0.0673954788677591
0.0 0.4800822702869497 0.44483095551424034 0.029333812606370913 0.03015490328097231
0.0 0.9046057985692748 0.6622690752649436 0.06751452253355705 0.10283312477266804
0.0 0.7244067527597124 0.4981550190751031 0.03655694619250005 0.06688741656876396
0.0 0.7811975997954878 0.4387074691761158 0.05599982719194352 0.0496639072679223
0.0 0.7607390787372519 0.38888091602146463 0.02757352853328554 0.02834545837410829
