0.0 0.8413495269741742 0.15650801332652234 0.13419510852096017 0.23981709270431756
0.0 0.14330445501997444 0.18069968449022644 0.06339290442682442 0.13442987784584376
0.0 0.5939849773113596 0.6876580219876464 0.14468499000221646 0.18910630490257785
0.0 0.04477531222862747 0.9024000884318433 0.08955062445725494 0.19519982313631334
0.0 0.7995898605122822 0.45905622063505835 0.03233360595632362 0.05802278658532739
0.0 0.4417551461518532 0.2840021286513246 0.04175215754870437 0.08266357486586962
0.0 0.8865334610519946 0.327644960498815 0.06295824960638174 0.07685671435444513
0.0 0.24380114619827847 0.5890738052342284 0.043333355625571474 0.03780572194932108
0.0 0.3333107698091974 0.6173061125658261 0.03290406577372823 0.04237829373002455
0.0 0.3116119381308069 0.556133651632068 0.025316663315242793 0.042274008277601416
0.0 0.31489292739512464 0.3592376488303977 0.030539923607851405 0.052565423208497
