0.0 0.5715293824672699 0.9507589949667454 0.11889447063207625 0.09600157141685484
0.0 0.9493996638059616 0.35972889758646487 0.10120067238807673 0.07972539514303206
0.0 0.008951778896152974 0.1420472956635058 0.017903557792305947 0.04851462598890066
0.0 0.32681861087679864 0.03651785258203745 0.05104738026857375 0.04813330359756947
0.0 0.5333556860685349 0.7699111907184124 0.06401071965694427 0.07717606276273736
0.0 0.47568963933736086 0.2661732079833746 0.08972714148461813 0.05894922316074375
0.0 0.6925501278042794 0.5828393763303756 0.05157664299011222 0.044275040924549036
0.0 0.10906214371323586 0.37161545775830745 0.06401542380452158 0.0543026782572269
0.0 0.8749879471957684 0.43880789991468194 0.03850796759128572 0.05232176966965202
0.0 0.7677338436245917 0.5648566468060017 0.04311637192964557 0.05068966895341864
0.0 0.45147593900561334 0.8056754997372627 0.03503077238798141 0.04533407539129253
0.0 0.5863033574819565 0.1579839749634266 0.035168576240539595 0.036944255232810974
0.0 0.08679207494482398 0.8512350460886955 0.06599778387695551 0.037612630426883675
0.0 0.12862254276871682 0.3209746385365725 0.031134170144796372 0.0271210938692093
0.0 0.5147160086035728 0.34690418004989626 0.04952618807554238 0.042995039373636246
0.0 0.24140586450695994 0.18607811391353607 0.03507098823785784 0.039458734542131446
0.0 0.7847005970776081 0.6418641260266305 0.060880155563354466 0.044012291729450204
0.0 0.6268060681223869 0.11688148159533739 0.035354159474372926 0.041666326671838755
0.0 0.026786712761968375 0.9110735422372818 0.05357342552393675 0.05934334695339205
