0.0 0.8934591181012148 0.9348717373597621 0.07003373615876451 0.1302565252804757
0.0 0.1580135702165752 0.5626636476043312 0.04661233030239362 0.12777479336829617
0.0 0.40433682244062463 0.09370558352041568 0.06605635018751782 0.17204288581396712
0.0 0.5666243564183908 0.35229310945227443 0.12221147164558621 0.30853212462198343
0.0 0.31544877193666165 0.4801324783496477 0.031225019599937842 0.08873962737712948
0.0 0.7212888724786045 0.6825884324003891 0.055314558557286286 0.14833945965201245
0.0 0.6409781735632665 0.5509511660383634 0.031215480266121975 0.07845213870627332
0.0 0.2466899741366071 0.05074104913127359 0.05251968228119827 0.10148209826254719
0.0 0.8014939755591761 0.5497188093161375 0.027274936720002585 0.07586697145837329
0.0 0.27009260901087373 0.160419213483458 0.05828237847556811 0.14227079668628045
0.0 0.47484592571052264 0.17059392724653463 0.025530895254354424 0.07771312321646234
0.0 0.5015084162169166 0.11465787238523376 0.025530895254354424 0.07771312321646225
0.0 0.43713784963922325 0.008419756488798516 0.01913163058487055 0.016839512977597032
0.0 0.13910868010496594 0.10271255325366507 0.023786575733378834 0.045386302246649635
0.0 0.34553592128702326 0.6055870133771806 0.025776369654324116 0.06756278196729515
0.0 0.3685081359625164 0.6004989545373208 0.01745507383552458 0.04343842905009376
0.0 0.21775479067364958 0.2119443173623335 0.08424051683815176 0.21463640309043083
0.0 0.27411977877997873 0.2514419742657653 0.038766635787777226 0.08927717798643836
