0.0 0.16176801919937134 0.5506809949874878 0.13157904148101807 0.07362997531890869
0.0 0.5291770100593567 0.8684769980609417 0.1423410177230835 0.07923700660467148
0.0 0.5942800045013428 0.5760290026664734 0.127081036567688 0.0877460241317749
0.0 0.3225820064544678 0.48004698753356934 0.09654903411865234 0.037940025329589844
0.0 0.06712502241134644 0.1997169852256775 0.13013696670532227 0.10660302639007568
0.0 0.3980559706687927 0.05214202404022217 0.08929693698883057 0.05977296829223633
0.0 0.6704530045390129 0.2478870153427124 0.4234750121831894 0.09447896480560303
0.0 0.588688999414444 0.47025102376937866 0.22572296857833862 0.05057501792907715
0.0 0.6416159868240356 0.22585701942443848 0.18159198760986328 0.053930044174194336
0.0 0.7123830020427704 0.9719290006905794 0.2152860164642334 0.05614199861884117
0.0 0.9048460014164448 0.6616289913654327 0.16745499521493912 0.1513580083847046
0.0 0.06029397249221802 0.3355709910392761 0.11503195762634277 0.12236201763153076
0.0 0.9430649969726801 0.15644502639770508 0.11386900022625923 0.0621110200881958
0.0 0.5157600194215775 0.052954018115997314 0.08668199181556702 0.0843280553817749
