0.0 0.1231231958895328 0.05492589654832478 0.06373560705103204 0.0973493011755321
0.0 0.49092003085609226 0.07236812475782611 0.07273154330340487 0.11013588393197336
0.0 0.18084192375229718 0.5077254013224468 0.07111814708591044 0.10308504828218978
0.0 0.4298438523369578 0.5932392461692008 0.04889974985446244 0.07609523016269426
0.0 0.6469815775009518 0.8257058510729353 0.09231852615687353 0.14547481887453406
0.0 0.9230905017905837 0.6570196129909922 0.07921297399991656 0.13832354341477493
0.0 0.5934077119586094 0.6244864665483909 0.07330651262554644 0.10259566134608045
0.0 0.26512277543138457 0.007300961397200099 0.05880431357787316 0.014601922794400198
0.0 0.0452415902172542 0.2540912527658077 0.022182019471111238 0.031094521605041975
0.0 0.41490252349904916 0.9165971788470559 0.06381039595041726 0.09928359558119104
0.0 0.8075433041933333 0.743673801801181 0.06734912119901637 0.0977765459270411
0.0 0.36094940822771193 0.3383476704006693 0.03910840843391533 0.05605203917758517
0.0 0.7344654965611555 0.5852597622060332 0.04335672684813929 0.07024722673240147
0.0 0.8583206684092921 0.3214344804141889 0.02472353919565473 0.03550602194363622
0.0 0.9137167116471693 0.4686908128113154 0.060631024138744216 0.07736813186934283
0.0 0.49287898359663274 0.18664823235425165 0.07851391731897456 0.1127084883676058
0.0 0.6550297315170347 0.42747441374323814 0.05516579401332833 0.07200347135116086
0.0 0.09404407707656175 0.41371126664288405 0.02735984412365755 0.04537554003740146
0.0 0.7876293060972746 0.6427403584463285 0.05135617531356462 0.08350312795675363
0.0 0.1925310494826033 0.22787132181157643 0.029168619972822135 0.04989078949008083
0.0 0.5181552458975517 0.5306667155412625 0.03480028492788101 0.0542358867710111
0.0 0.7644843439309231 0.46568246854397066 0.03702455515084746 0.04678720689944055
0.0 0.35506527000329957 0.24768005797597692 0.028502186955383757 0.047171487861326716
0.0 0.5833021925790363 0.2231848482035878 0.0606961625026452 0.10719932194161505
0.0 0.9456668851664004 0.5094128843856938 0.02784835379271744 0.04582571901062049
0.0 0.43648424165497446 0.32539975293712786 0.025050959814346463 0.03104852455150714
0.0 0.893976059255874 0.7456572519201883 0.03598899994393179 0.04488527816351029
0.0 0.2706655592272575 0.13283883526626603 0.015634160556601162 0.023208831831584953
0.0 0.7043428205141181 0.14066362313790026 0.02542375348175341 0.03702599897991876
0.0 0.040911384076393754 0.48176603146740804 0.019396991713605552 0.027249351765524177
0.0 0.11139957807320311 0.12318349131647377 0.019815552591484722 0.0288635494492034
0.0 0.3695018428430968 0.10650224520117663 0.018353300460149602 0.02413164310899045
0.0 0.25338420347282625 0.5157556892939389 0.025817533712178875 0.04764515085630833
0.0 0.44505389614833546 0.768824643302782 0.03101641374807962 0.04454824735938279
0.0 0.337140130496862 0.7618474985774123 0.020960817915373797 0.027528751517681416
0.0 0.5873954563695807 0.38347478826276554 0.031581380914529555 0.046452229178683746
0.0 0.5475327601550184 0.36550581918647096 0.0198870382269819 0.027658935278127128
0.0 0.5601104076185729 0.7234286194463282 0.06553571902686817 0.08965707187400207
0.0 0.7627136890068811 0.6822167322600798 0.01864358185042736 0.025343982563735712
0.0 0.7578486568547165 0.6163944168372992 0.01672169159631054 0.03198678390346987
0.0 0.8192948759329438 0.6586639803051901 0.015084224468823626 0.020846484684071687
0.0 0.5188361224918115 0.12525414825404554 0.03248551591018134 0.04387701677037885
