0.0 0.4605490177954474 0.8554837819566015 0.16016147330924768 0.07671477680429539
0.0 0.3923842473021767 0.2586175623937095 0.12613223854191852 0.06381026432575748
0.0 0.07236386318761637 0.4968247042880374 0.14261552173462733 0.0744570529614344
0.0 0.08442435523612193 0.2668499964390951 0.13409430503168573 0.06790544599429807
0.0 0.8882644578799276 0.6671875621673389 0.22347108424014483 0.12001798276823361
0.0 0.6780301688163319 0.24932508124850078 0.3049115995434276 0.17269155195623587
0.0 0.37106074016701507 0.1783336957466327 0.10772442222530565 0.07545115871642416
0.0 0.3243101427854776 0.606582855776671 0.0852525465963897 0.045839594786657334
0.0 0.8236933230408201 0.3034661339305933 0.14025618253131267 0.05598406004266354
0.0 0.13774000057902203 0.6250371791950675 0.11195632239387707 0.049515366594911625
0.0 0.6161853769581405 0.3985113255109195 0.16807021091546737 0.07394285627122615
0.0 0.15374188122267557 0.9264322530510709 0.09329264368358312 0.07506105009027297
0.0 0.3336790733662917 0.46510761939391454 0.09057780804957682 0.04733690626199971
0.0 0.8590168268699497 0.4646036013650994 0.19567053157499759 0.06500896076317475
0.0 0.47311936218575723 0.5211911974581842 0.19831914205043621 0.07734680138299799
0.0 0.4935526132112711 0.14893718536886785 0.10176273335431124 0.04219560549028489
0.0 0.5401812795480447 0.5680861038815364 0.2614590258024813 0.19202919340923624
0.0 0.8978860999919454 0.7946607324075006 0.0818876874094655 0.0323262966411525
0.0 0.24893824338539042 0.2019955187424753 0.10639057950629943 0.0697183771238826
0.0 0.7010658825995562 0.5368465162020141 0.12510798355606967 0.0774429087211847
0.0 0.4611463842477959 0.4136734477942807 0.10387952374495069 0.08936982408437172
0.0 0.467276861521664 0.08905445984939403 0.09884867066770242 0.049813735309994486
0.0 0.29145532811337593 0.023935175632149225 0.08189367224083699 0.03512102622734252
0.0 0.14060473493156378 0.6708843553075469 0.061162006635669605 0.03708149292772944
0.0 0.30938961280281724 0.6792381380876662 0.041739349755306576 0.02014237241904493
0.0 0.27835205582851064 0.11354708601649013 0.05615793549366993 0.026572217766269626
