0.0 0.805870555192232 0.8995181483030319 0.28462341293692595 0.2009637033939362
0.0 0.6803702624887228 0.0017169666290283202 0.19996994554996483 0.0034339332580566404
0.0 0.07604508455842733 0.006699116230010987 0.1328622530400753 0.013398232460021973
0.0 0.42204402267932895 0.05433659672737121 0.11754222817718979 0.10867319345474243
0.0 0.4995231676287949 0.8595797622203827 0.24490604560822254 0.2036340594291688
0.0 0.656153910011053 0.20792383193969727 0.1796980856359005 0.1829951047897339
0.0 0.5406761157512665 0.5414225661754608 0.1960848180949688 0.150468385219574
0.0 0.4890859229490161 0.995223684310913 0.23994091473519807 0.00955263137817386
0.0 0.08585016442462803 0.3796546244621277 0.12880918610841036 0.1230551362037659
0.0 0.4039484582096338 0.21077507376670837 0.06531329624354842 0.08798761367797853
0.0 0.22165920823812485 0.340925886631012 0.11500042028725146 0.05992387533187865
0.0 0.04896105416119099 0.13979207515716552 0.09792210832238198 0.10283750295639037
