0.0 0.29632537692785266 0.44615001779049634 0.476117554306984 0.48174887113273135
0.0 0.9874165111780167 0.0004708947241306305 0.025166977643966693 0.000941789448261261
0.0 0.2923160243034363 0.025795620400458574 0.13137148618698122 0.05159124080091715
0.0 0.0051761576533317566 0.8425690004974604 0.010352315306663513 0.16141375288367266
0.0 0.04148708522319794 0.026497040688991547 0.08297417044639588 0.052994081377983095
0.0 0.4636493939161301 0.8180485255271197 0.20522938370704658 0.17074542760848999
0.0 0.6682781773805618 0.12628449343144893 0.08941331505775452 0.09410612046718597
0.0 0.38459136366844177 0.9982418043911456 0.12340983152389529 0.0035163912177086365
0.0 0.6883481550216675 0.1912711388617754 0.10217639207839968 0.12344165325164796
0.0 0.5340426552295685 0.9076610013097525 0.10893105268478398 0.12008434161543846
0.0 0.35179645001888277 0.6960116932168603 0.10219908356666563 0.10998676098883142
