0.0 0.43469153264840543 0.5203333050887298 0.03989862179089504 0.06811710422600742
0.0 0.8337472689603327 0.5247016021555516 0.05391624946851992 0.11012820090528552
0.0 0.35112149885068944 0.4435595506398631 0.03242178550666114 0.0597122879387007
0.0 0.054958851423676215 0.5299495680000308 0.0399354683619839 0.06987612358847145
0.0 0.6427949150350245 0.7142997847841941 0.051679684818753735 0.08748580738859124
0.0 0.3718862504359445 0.37564951845483996 0.025800917826497016 0.04444385099552278
0.0 0.2838647677123425 0.3121168776041184 0.027096141024729348 0.041238591139830305
0.0 0.3965385133470429 0.2283377264453435 0.05087791759900051 0.07445225988779006
0.0 0.2101913906614047 0.1368309598689114 0.03178233387731391 0.06845864108603279
0.0 0.4350014150786635 0.17639454386215736 0.033421335988402745 0.06733671365742092
0.0 0.48657747481230507 0.5523819329746409 0.0202459134878184 0.04025010344530722
0.0 0.3252838034857398 0.018024791661329732 0.02194819379588303 0.036049583322659465
0.0 0.6521714883518118 0.6041090326891673 0.03340029885343099 0.06510140434335332
0.0 0.24254693011513412 0.4771078974509078 0.032543831775815074 0.058453363638678923
0.0 0.057349140227814975 0.6633995612077113 0.06210313411200037 0.08030494540943212
0.0 0.640629846223755 0.17428466303026424 0.023209168654228174 0.0416727409371693
0.0 0.2762869461245254 0.1105854251573622 0.024667289984794727 0.04218570828891967
0.0 0.673013773239916 0.33211789821913107 0.036772214680316107 0.05671787381418092
0.0 0.47927596212539403 0.2671100063205466 0.02366825430504399 0.04069094312080307
0.0 0.1518253190442635 0.284968736175932 0.03179107409895801 0.055339285946388705
0.0 0.5127153082594182 0.16190268606531696 0.022368006866791412 0.04242357231163446
0.0 0.2941204002633607 0.21571492030019168 0.029468529803541532 0.04807646423845849
0.0 0.27996932451203127 0.35634097923179653 0.020379492701218416 0.0371141489439501
0.0 0.3051221684354152 0.452340208626786 0.022508588783205663 0.038038280804019164
0.0 0.2129507824215508 0.2696611640862271 0.024324166597071012 0.03740510065851127
0.0 0.40090059706025455 0.554573277901045 0.018610606446663902 0.037516565022817305
0.0 0.7207708232095273 0.547323530600085 0.023883075388253183 0.042010193218350644
0.0 0.6202235596716364 0.603778129296622 0.020107633425062055 0.03328617823431845
0.0 0.897074579472386 0.36779581705727765 0.021282309963661428 0.03971217010929473
