0.0 0.7453559884881378 0.5123918267918078 0.2602118861053284 0.16189265028084815
0.0 0.355229042050478 0.5275570618742378 0.2627637140984469 0.1443772620806011
0.0 0.5158700861093386 0.33751925796511484 0.2097216600479347 0.09924244491916756
0.0 0.044790453340278306 0.16585471808003646 0.08958090668055661 0.1016233825984983
0.0 0.5040438258835989 0.08950805274441476 0.1907054003724289 0.09910914756717237
0.0 0.04034181323310922 0.3434724400180623 0.08068362646621843 0.05401724542932346
0.0 0.2664377646901692 0.09281285943288059 0.14715306660851282 0.08165743424592259
0.0 0.08260408397082117 0.2506416616704027 0.08655389561347969 0.08355732214262884
0.0 0.5005502177168195 0.42972538470861654 0.097153685059168 0.04560165837178498
0.0 0.2826501143437601 0.3509401803801272 0.10667474975015143 0.04520489992807286
0.0 0.44218968551043014 0.5657728015605681 0.07771373669219445 0.03788241643994206
0.0 0.8812712995509193 0.37046223670379685 0.1241004090180079 0.08753727708768205
0.0 0.04520190965548366 0.5251170828305758 0.09040381931096732 0.10581032909636251
