0.0 0.5537410080432892 0.22745099291205406 0.10290902853012085 0.22125399857759476
0.0 0.15644699335098267 0.38837099075317383 0.04581296443939209 0.12468200922012329
0.0 0.1181979775428772 0.7248589992523193 0.03428494930267334 0.11901795864105225
0.0 0.9253429770469666 0.8453879952430725 0.027058005332946777 0.10896897315979004
0.0 0.3568440079689026 0.34315699338912964 0.043202996253967285 0.12833398580551147
0.0 0.7491779923439026 0.18504199385643005 0.04844105243682861 0.10770201683044434
0.0 0.7782410085201263 0.6078609824180603 0.02236098051071167 0.0728609561920166
0.0 0.310604989528656 0.8459699749946594 0.033334970474243164 0.15554594993591309
0.0 0.4530460238456726 0.31873899698257446 0.024014949798583984 0.057231009006500244
0.0 0.8731249868869781 0.38343700766563416 0.05213898420333862 0.10190200805664062
0.0 0.8726229965686798 0.0979939978569746 0.02180999517440796 0.10960099473595619
0.0 0.7146849930286407 0.6643829941749573 0.05081301927566528 0.06154203414916992
0.0 0.9217479825019836 0.2894600108265877 0.049543023109436035 0.10527001321315765
0.0 0.888401985168457 0.2530199885368347 0.03366398811340332 0.058302998542785645
0.0 0.9087269902229309 0.48380500078201294 0.07050299644470215 0.13766098022460938
0.0 0.8534680008888245 0.4546529948711395 0.04382598400115967 0.06316202878952026
0.0 0.3050050139427185 0.14694100990891457 0.02159595489501953 0.053445003926754
0.0 0.6594260036945343 0.16799500584602356 0.012703001499176025 0.059922993183135986
0.0 0.6476750075817108 0.10402300022542477 0.013338029384613037 0.09069399908185005
0.0 0.7315170168876648 0.06515400111675262 0.022230982780456543 0.058302998542785645
0.0 0.7350099980831146 0.14208200946450233 0.025407016277313232 0.07287900894880295
