0.0 0.4035567375999677 0.9049313591129773 0.17289281781484217 0.19013728177404532
0.0 0.2808171870980253 0.5179240978486924 0.12446647041383035 0.24657486363877051
0.0 0.6154094849979096 0.012529227629697657 0.11360956398329103 0.025058455259395315
0.0 0.7795168755367525 0.5355626159961444 0.17100195215078717 0.2979812911908399
0.0 0.24637973977991462 0.7743859299063838 0.09625201452786883 0.22325263590974842
0.0 0.11449420669289051 0.3515264579992956 0.06328142814544778 0.1163304258221467
0.0 0.26991777616237744 0.28051611869035165 0.12161015167669367 0.2524577811560932
0.0 0.1828847409427761 0.27493792142303763 0.05752271733669406 0.10388277412614563
0.0 0.14723109791017605 0.9014096726528353 0.09586274814562717 0.18880301519447928
0.0 0.1088231007929095 0.721243048234576 0.06743605248244994 0.10968838005196124
0.0 0.5322576824417073 0.23391878898529522 0.09705605927252725 0.2255660751222945
0.0 0.3405190353993307 0.6646264407804328 0.09439292843975167 0.14231207389958767
0.0 0.7282712227245327 0.10649040753809633 0.15075708631086882 0.21298081507619265
