0.0 0.8448740243911743 0.42757898569107056 0.05947697162628174 0.1253809928894043
0.0 0.14124900475144386 0.7021679878234863 0.037827007472515106 0.06439900398254395
0.0 0.6232420206069946 0.8173580169677734 0.06276905536651611 0.08477902412414551
0.0 0.14869700372219086 0.39496299624443054 0.06376299262046814 0.06690001487731934
0.0 0.2791610062122345 0.732088029384613 0.05026298761367798 0.06485199928283691
0.0 0.3599889874458313 0.7331079840660095 0.02190399169921875 0.04401898384094238
0.0 0.4808030128479004 0.13430799916386604 0.027621984481811523 0.042430005967617035
0.0 0.6067180037498474 0.6708130240440369 0.0360569953918457 0.06805300712585449
0.0 0.296548992395401 0.21864399313926697 0.027225971221923828 0.047829002141952515
0.0 0.1533990055322647 0.6004149913787842 0.03125599026679993 0.047297000885009766
0.0 0.18937399983406067 0.2993659973144531 0.03562799096107483 0.07008600234985352
0.0 0.2760080099105835 0.37569698691368103 0.0292549729347229 0.04161500930786133
0.0 0.5672690272331238 0.3085780143737793 0.04823100566864014 0.05782097578048706
0.0 0.23969100415706635 0.7993350028991699 0.020974010229110718 0.04112803936004639
0.0 0.017808999866247177 0.6473739743232727 0.022693000733852386 0.0407259464263916
0.0 0.015832999721169472 0.5869709849357605 0.030388999730348587 0.03769803047180176
0.0 0.6900169849395752 0.5437260270118713 0.02789902687072754 0.03982198238372803
0.0 0.07844500243663788 0.7462019920349121 0.02384200692176819 0.03699600696563721
0.0 0.8941599726676941 0.1792829930782318 0.020424962043762207 0.025072991847991943
0.0 0.9546170234680176 0.22356200218200684 0.020570993423461914 0.030972003936767578
0.0 0.5839130282402039 0.3627009987831116 0.019801974296569824 0.035808026790618896
0.0 0.007683999836444855 0.4599219858646393 0.01536799967288971 0.03808099031448364
0.0 0.051798999309539795 0.4020009934902191 0.03211499750614166 0.06321102380752563
0.0 0.5632910132408142 0.6925309896469116 0.014503955841064453 0.03037095069885254
