0.0 0.5163210034370422 0.6992589831352234 0.06321799755096436 0.0921330451965332
0.0 0.5996859967708588 0.4079119861125946 0.11985701322555542 0.20466500520706177
0.0 0.30535900592803955 0.6176559925079346 0.06412100791931152 0.09094798564910889
0.0 0.7164579927921295 0.08588200062513351 0.16341400146484375 0.15896500647068024
0.0 0.8787819966673851 0.27202098816633224 0.03032200038433075 0.0784509927034378
0.0 0.04248499870300293 0.9229559898376465 0.05241096019744873 0.1383509635925293
0.0 0.32351797819137573 0.7180060148239136 0.040299057960510254 0.04751098155975342
0.0 0.19400399923324585 0.5570799708366394 0.06484496593475342 0.1677839756011963
0.0 0.8865289986133575 0.44631901383399963 0.044578999280929565 0.19553500413894653
0.0 0.607028990983963 0.7969570159912109 0.033423006534576416 0.04752004146575928
0.0 0.566076010465622 0.09680099785327911 0.030876994132995605 0.11791899800300598
0.0 0.7878230065107346 0.9482179880142212 0.035214006900787354 0.0867609977722168
0.0 0.0631290078163147 0.1123099997639656 0.024994969367980957 0.06794600188732147
0.0 0.9825139986351132 0.24820100516080856 0.03368900157511234 0.08393301069736481
0.0 0.8341740071773529 0.3171460032463074 0.04346999526023865 0.14987999200820923
0.0 0.3907819986343384 0.4610309898853302 0.06520497798919678 0.05795401334762573
