0.0 0.47901127455832326 0.4638932046051573 0.26455863294641646 0.23931326703047107
0.0 0.16348523878691945 0.4946832005365376 0.14205306292000455 0.11249862349201561
0.0 0.6388967394982525 0.5774200030820049 0.13931737703000902 0.10824612715168958
0.0 0.9758867738842137 0.6131020914818233 0.048226452231572514 0.05946226478954941
0.0 0.4340349681307881 0.5554305613798084 0.1040050112753641 0.07576552872534781
0.0 0.616321522861464 0.29198613841082877 0.09480406221687154 0.09838664457331942
0.0 0.8555146520006189 0.2495530984661969 0.09893245056297373 0.08622330323123706
0.0 0.028044178983561707 0.6329615822934214 0.056088357967123414 0.08620651578911886
0.0 0.33210669706336926 0.7341315403843867 0.061037622557471694 0.06714423251066937
0.0 0.4981012052169618 0.2738347169382658 0.10594223302650674 0.11009500796755872
0.0 0.2114701301871557 0.361570085240287 0.18646630788863017 0.12562547160749038
0.0 0.8683839039358843 0.5148583310071525 0.09752015571837613 0.07624324614224393
0.0 0.5069353500711925 0.7167518739351819 0.20442402891574374 0.12418387848208767
0.0 0.6856332219857928 0.30076865070781467 0.20233314266487235 0.16930858649329067
0.0 0.7558348334154855 0.5187680901443008 0.1110707645508302 0.10734800077312812
0.0 0.830310171525684 0.6794095276582066 0.31751080757654426 0.30221911368854626
0.0 0.6871879786120596 0.6785696133172476 0.15412969124159637 0.15643937007090236
0.0 0.4316940940077125 0.10576448036648624 0.0638549499455604 0.06457163589713918
0.0 0.14264906232381408 0.25575023761353366 0.049858936015734934 0.05021163102845916
0.0 0.5485696381400331 0.12470069536198224 0.05924238993576447 0.04359186396921241
0.0 0.6235123519625474 0.19787371936630918 0.05840098217791434 0.05123001779093378
0.0 0.9399217782227128 0.5069944074137659 0.12015644355457433 0.10249503454737202
0.0 0.3460686442085538 0.5394664195992551 0.13276925743293222 0.13036680108058324
