0.0 0.7875379920005798 0.5236919969320297 0.18224596977233887 0.14108899235725403
0.0 0.29044100642204285 0.6619930267333984 0.18256402015686035 0.07106995582580566
0.0 0.7472829818725586 0.2698170021176338 0.10551905632019043 0.05077700316905975
0.0 0.33171701431274414 0.09896299988031387 0.09667700529098511 0.039354994893074036
0.0 0.4914020001888275 0.29966500401496887 0.1582919955253601 0.08358001708984375
0.0 0.9415209889411926 0.24594399333000183 0.09720194339752197 0.08457398414611816
0.0 0.9489139914512634 0.8012589812278748 0.06928694248199463 0.061190009117126465
0.0 0.31407999992370605 0.802029013633728 0.08431899547576904 0.03240203857421875
0.0 0.27937497943639755 0.8674119710922241 0.08920998871326447 0.04801499843597412
0.0 0.5558800250291824 0.9253330230712891 0.22327002882957458 0.1406630277633667
0.0 0.7334629893302917 0.8242220282554626 0.5275189876556396 0.2278759479522705
0.0 0.08473200723528862 0.29325398802757263 0.13529900461435318 0.089385986328125
0.0 0.1352970004081726 0.1362140029668808 0.12887099385261536 0.06205800175666809
0.0 0.3091600015759468 0.4856079965829849 0.2883800119161606 0.08520099520683289
0.0 0.19324499368667603 0.20864899456501007 0.08992800116539001 0.0716170072555542
