0.0 0.2310236844420433 0.5733542066812516 0.17126980125904087 0.1423003494739533
0.0 0.6291205394268036 0.26266783952713013 0.1819937825202942 0.27219225525856017
0.0 0.8576850610971452 0.6984427580237389 0.09666396975517266 0.14243667781352998
0.0 0.2737110811471939 0.9176182833313942 0.09395805001258847 0.10186686336994166
0.0 0.00790834218263626 0.040695303082466126 0.01581668436527252 0.08139060616493225
0.0 0.2999719727039337 0.012767130732536316 0.15999848842620848 0.025534261465072632
0.0 0.5697425472736358 0.7672367805242539 0.32847136259078974 0.40201747655868536
0.0 0.179324668943882 0.2790593001246452 0.3205619305372238 0.1838990384340286
0.0 0.5551412987709046 0.9229900541901588 0.30253483057022096 0.15401989161968233
0.0 0.8364420461654662 0.8814818033576011 0.2553043484687806 0.1504431563615799
0.0 0.277853846848011 0.7939918583631516 0.13822664916515348 0.09588676452636724
