0.0 0.2625029981136322 0.2962779998779297 0.04050898551940918 0.030115962028503418
0.0 0.5526260137557983 0.40519702434539795 0.04932403564453125 0.033439040184020996
0.0 0.7040889859199524 0.8928809985518456 0.07736003398895264 0.030532002449035645
0.0 0.8854719996452332 0.8463869988918304 0.05226397514343262 0.03070199489593506
0.0 0.21671099960803986 0.4343410134315491 0.030227988958358765 0.02597200870513916
0.0 0.9656640291213989 0.7812850028276443 0.05503201484680176 0.05480298399925232
0.0 0.4657120108604431 0.41646701097488403 0.043657004833221436 0.0213010311126709
0.0 0.5881400108337402 0.5963769853115082 0.02331399917602539 0.019222021102905273
0.0 0.416577011346817 0.6478039920330048 0.03222298622131348 0.021030008792877197
0.0 0.6091030240058899 0.37191200256347656 0.03678405284881592 0.017441987991333008
0.0 0.885083019733429 0.43741899728775024 0.029023051261901855 0.02351200580596924
0.0 0.15481899678707123 0.5727269947528839 0.019845008850097656 0.011462986469268799
0.0 0.24254099279642105 0.5866050124168396 0.023511990904808044 0.01421499252319336
0.0 0.10349400341510773 0.47724300622940063 0.020514994859695435 0.012336969375610352
0.0 0.3730599880218506 0.3708599805831909 0.025695979595184326 0.015246033668518066
0.0 0.8422099947929382 0.9629039987921715 0.027309060096740723 0.015455000102519989
0.0 0.7743819952011108 0.647159993648529 0.028030991554260254 0.018393993377685547
0.0 0.26683101058006287 0.5391620099544525 0.029760003089904785 0.018958985805511475
0.0 0.7525330185890198 0.13776898384094238 0.02285897731781006 0.01726400852203369
0.0 0.7835559844970703 0.3420640230178833 0.026124000549316406 0.015346050262451172
0.0 0.5473499894142151 0.7237969934940338 0.058779001235961914 0.030691981315612793
0.0 0.5326550006866455 0.5553100109100342 0.06857597827911377 0.04412001371383667
0.0 0.2556299865245819 0.42326998710632324 0.02394700050354004 0.011510014533996582
