0.0 0.9119060200452804 0.6913629180192948 0.17618795990943914 0.17788726687431333
0.0 0.9987066471576691 0.6598081907629967 0.002586705684661905 0.1396323949098588
0.0 0.8361553015559912 0.907276371717453 0.07427237257361408 0.07445093393325797
0.0 0.6574924738332629 0.8794968402385712 0.11127182699739935 0.08702073097229002
0.0 0.2650824251025915 0.9540519779920578 0.08437734134495256 0.08222864270210273
0.0 0.504942295216024 0.45927159994840616 0.16580254890024665 0.18232554495334624
0.0 0.4768375004082918 0.7929244673252105 0.07212398305535317 0.07749996185302732
0.0 0.6313391707092524 0.25616926163434983 0.07966942816972733 0.09594162404537201
0.0 0.9772885986417532 0.022761343717575072 0.04542280271649357 0.045522687435150144
0.0 0.6135368599742651 0.07819871217012406 0.0807005484402179 0.10568882524967194
0.0 0.2011998896393925 0.5524543574452401 0.20337225867435338 0.1688163846731186
0.0 0.26640926260501147 0.8072542226314545 0.07124135121703146 0.06962070465087888
0.0 0.9798490114510059 0.9618905651569367 0.040301977097988106 0.07621886968612668
0.0 0.9990324720740318 0.7725981241464615 0.0019350558519363181 0.10436137318611138
0.0 0.3241810557432473 0.3518315872550011 0.08913744281977415 0.15929963886737825
0.0 0.3674991597607732 0.499416866004467 0.07262324206531046 0.08795647323131561
0.0 0.18557126604020596 0.6901821559667587 0.05113030716776848 0.054055148363113426
0.0 0.3451906499266625 0.5984364858269692 0.0972950939834118 0.08108771145343785
0.0 0.996728283315897 0.2791603258252144 0.006543433368206064 0.11358996927738188
0.0 0.5600685762614012 0.6258987790346147 0.07450098350644119 0.07455328702926634
0.0 0.1463971735816449 0.7908914870023728 0.09708287062123416 0.09847478270530696
0.0 0.08213462122250348 0.8644832020998001 0.12476642335765063 0.09099238514900199
0.0 0.6345394026860595 0.5671316868066788 0.08272816143929962 0.0676584541797638
0.0 0.6959794553369284 0.3598423263430595 0.08616903260350228 0.10956408083438873
