0.0 0.4631838321622395 0.3647265631443296 0.030091142188519382 0.07021186322803957
0.0 0.1879810613171676 0.6516342209366399 0.04052535812170338 0.11569919295247588
0.0 0.7785724968065739 0.49847398915819396 0.05688379140778688 0.08954600851377492
0.0 0.65358383946914 0.1854018634450105 0.035376064532745555 0.07385259299010904
0.0 0.15914771668240713 0.9667488836835797 0.0404373730057547 0.06234685308140908
0.0 0.4422574170826238 0.6075816390447077 0.03726972907910081 0.08245521324762317
0.0 0.5492038115178878 0.6759443612379377 0.04490402577076469 0.08293341639577878
0.0 0.07065023987604743 0.5527893543068965 0.038049458430184833 0.07146523217809786
0.0 0.11921649947513466 0.29269786300239564 0.02699821711628564 0.06434692397230724
0.0 0.1378906788259755 0.7503344409904413 0.04113532465978978 0.08211183406574774
0.0 0.8097006789116787 0.6066532807382108 0.02677454857240258 0.06103109875400958
0.0 0.11797178500743766 0.8320350938727266 0.02477908573043308 0.04916468871410007
0.0 0.005201713243665479 0.6512385854539499 0.010403426487330957 0.05987377157229701
0.0 0.3312742315746515 0.9545140484195336 0.02153880467936803 0.042229833769624414
0.0 0.5616094681464253 0.6052748197731641 0.019002423693291304 0.040662848170521904
0.0 0.6218107116702216 0.41060140842980974 0.020541755765648095 0.05089911571548322
0.0 0.7239998730368559 0.3276938905018384 0.03052923682764197 0.09588605899496644
0.0 0.09329479918962744 0.6276300891328346 0.02235533400450017 0.049274924707675916
