0.0 0.5740970075130463 0.3614239990711212 0.24788397550582886 0.12298297882080078
0.0 0.6838200092315674 0.06875500082969666 0.07495594024658203 0.032527998089790344
0.0 0.5456529855728149 0.7725110054016113 0.15912103652954102 0.055827975273132324
0.0 0.14143002033233643 0.9661089777946472 0.277305006980896 0.05910599231719971
0.0 0.39190399646759033 0.6592770218849182 0.05106794834136963 0.04201996326446533
0.0 0.5101700127124786 0.6693270206451416 0.08943802118301392 0.0711510181427002
0.0 0.28908199071884155 0.464354008436203 0.07412099838256836 0.06649398803710938
0.0 0.15744197368621826 0.38246598839759827 0.060636043548583984 0.03691399097442627
0.0 0.4925540089607239 0.07435599900782108 0.18200898170471191 0.04360000416636467
0.0 0.8080559968948364 0.8192809820175171 0.060523033142089844 0.04189598560333252
0.0 0.729407012462616 0.11439500004053116 0.10403299331665039 0.05225400626659393
0.0 0.8805960118770599 0.37391600012779236 0.11413401365280151 0.03320199251174927
0.0 0.9323579967021942 0.15486299991607666 0.13528400659561157 0.07105499505996704
0.0 0.6335880160331726 0.5657269954681396 0.08481800556182861 0.06111502647399902
0.0 0.5095419585704803 0.576104998588562 0.07421499490737915 0.051890015602111816
0.0 0.7788379788398743 0.9168490171432495 0.10814201831817627 0.03920602798461914
