0.0 0.19996477007865907 0.799222277700901 0.09958874464035034 0.11758457422256474
0.0 0.7007048544287682 0.3684001764655113 0.14448862493038184 0.1106107160449028
0.0 0.5590281951427459 0.668237661421299 0.04695733308792116 0.059907506406307154
0.0 0.38260120987892154 0.8389287589490414 0.0797228026390076 0.06855939775705333
0.0 0.8595579499006272 0.8969614649564028 0.06182643175125124 0.09034307673573494
0.0 0.783737051486969 0.8639811678230762 0.04290186643600469 0.039731934666633606
0.0 0.9818977078795432 0.9522969602048397 0.03620458424091344 0.040332029759883814
0.0 0.9563132727146149 0.1803131340444088 0.03401737570762631 0.037303167581558216
0.0 0.9979308664798736 0.2901919460296631 0.004138267040252663 0.0355821758508682
0.0 0.35483613014221194 0.9286812974512577 0.060109227895736694 0.05601020008325586
