0.0 0.736355528361633 0.8265936336669988 0.052041823173267 0.07224930678296737
0.0 0.19973873104452744 0.446042833903234 0.06366857344693369 0.12695060993193008
0.0 0.3944621026665654 0.8532026696033649 0.06888441578082982 0.0917070725301028
0.0 0.8856185923158238 0.5158965356861284 0.06713810709235601 0.07332372804015397
0.0 0.47977278694533265 0.37249904979713006 0.050934519174813786 0.06216456435746753
0.0 0.5743079995911083 0.2152486670479017 0.03202660658508316 0.04816043219697003
0.0 0.8739925947620104 0.8158441542156514 0.040887594492729495 0.06647923509884701
0.0 0.657817331983056 0.8120788727899005 0.02432835866276528 0.0450162768085407
0.0 0.750439447478308 0.3236292775236006 0.02890179826317041 0.04915544459772303
0.0 0.8512628041762227 0.41730576025991484 0.040618260717558696 0.07453945138250323
0.0 0.41972120754792497 0.7158214905387854 0.03916435209330643 0.06826632325025328
0.0 0.7615068937112635 0.48084919655768227 0.029392039429928074 0.04171014681673435
0.0 0.8683477703126713 0.7143448322930858 0.03304335232749467 0.049222518271839766
0.0 0.994122273526574 0.7212135478230716 0.011755452946852096 0.040575548537105544
0.0 0.3448667918251003 0.5819874935523834 0.030235613623739277 0.04333708030163508
0.0 0.993149270047961 0.7780513528974664 0.013701459904077895 0.040756995408998464
0.0 0.933246054197283 0.8671123895806411 0.026914147608747996 0.039929039651736
0.0 0.7715397111278054 0.8943490383409282 0.021374415379288525 0.04184356292528779
0.0 0.16654100202985594 0.19772900308601116 0.02279403693878959 0.027606646498779974
0.0 0.46032553433896717 0.4215948678659516 0.021550452780295604 0.03686310356618022
0.0 0.9806179088825611 0.5372069841459473 0.0363668057042279 0.0658929729226686
0.0 0.6689224547567841 0.502043374948759 0.042603482723357455 0.033742568921588945
