0.0 0.38396615847987214 0.7780238982289638 0.16999244836329075 0.26818068918018767
0.0 0.3482572361242896 0.20567168536618538 0.10321445189227846 0.22329163411386838
0.0 0.6341125968879618 0.9027835923886719 0.06891555912590563 0.13532024377219432
0.0 0.8777240528568915 0.6092262704422713 0.056299059987439115 0.11935452294407567
0.0 0.6551966676830908 0.634852044982962 0.11045377190180106 0.2077795559049611
0.0 0.08773643864254758 0.7556757193837829 0.0718357889151619 0.10683171541175074
0.0 0.2099999543473911 0.13824905778942265 0.04726746827351741 0.10285683198762988
0.0 0.1543099704866333 0.06231734215731232 0.0631191023341701 0.11768823774189881
0.0 0.06710673071703452 0.29363530102554325 0.13421346143406904 0.30777277027802175
0.0 0.13371351901711637 0.5314782155505408 0.26742703803423273 0.6597379085907523
0.0 0.7401085615573834 0.24378986449109286 0.11154123045660325 0.18918286595214662
0.0 0.8802207619029854 0.39429997016907237 0.08420873053738143 0.16529560138056387
0.0 0.5130062003774223 0.33772141504298303 0.13720559483098782 0.33524502569220305
0.0 0.799847514068299 0.40385597686225905 0.08578850762452028 0.13362138219789582
