0.0 0.3830518949438858 0.890673892510351 0.146699417251622 0.0678776405513708
0.0 0.44542513982610177 0.28984018057826144 0.11474893600612956 0.05699962082700133
0.0 0.07951594450742921 0.5047337012393959 0.12921334818428964 0.06685758754088278
0.0 0.14118795402138645 0.275978292645211 0.12197697096329362 0.060667828162244086
0.0 0.8498755148179578 0.7337714507433029 0.2141526620684876 0.10733238367093756
0.0 0.727977006368367 0.30104367818355726 0.2731495352870691 0.1570360556636157
0.0 0.0425675238183389 0.07981373221049698 0.0851350476366778 0.093808998631519
0.0 0.4418774967571408 0.20815112041052744 0.0931789930468887 0.07055335266604817
0.0 0.3031767791071485 0.6323879407966067 0.07693467755782935 0.041355153031616854
0.0 0.8593052800446217 0.3655457446333032 0.1310446055968716 0.04775422080456304
0.0 0.11594416175087777 0.6374361867426135 0.10349214579586985 0.043157782104325415
0.0 0.6349147727680929 0.4455654849232884 0.15545351273423003 0.06438165932423667
0.0 0.06635856725336538 0.9395140152399355 0.07845879270226772 0.07124557397935904
0.0 0.34303073363866815 0.4918025809803156 0.08205482508478779 0.04251243984043013
0.0 0.8590845606780588 0.5289676035529383 0.18583373110261592 0.05295333796682866
0.0 0.46782653315499134 0.5577979804658405 0.18571162038471334 0.06563046501433889
0.0 0.5685483495974375 0.18758295530296812 0.09471639406832644 0.03629358625347834
0.0 0.5235289500677449 0.6094291311369291 0.22410670061027893 0.18053201945679687
0.0 0.8257474596562311 0.8613029634925472 0.07659235525275643 0.027505585149044
0.0 0.3168119140063021 0.22301992403236037 0.09312986309967297 0.0646707808145239
0.0 0.6883053922060627 0.5897736017716608 0.1105596424031996 0.07130813902290056
0.0 0.47936282289997834 0.4495874812072388 0.08602929218008953 0.08537531643611468
0.0 0.5557168231181073 0.1259084955744291 0.08997228909134825 0.04446779890010712
0.0 0.39714799102152964 0.04828267693083042 0.07595515827698379 0.030422418524569617
0.0 0.1088242573426207 0.6834180952427116 0.054228869706131416 0.034048233236264935
0.0 0.27278127161570154 0.7038613725993602 0.0381965261968365 0.017845918052914023
0.0 0.36486336330775504 0.13681689938384758 0.05151285808604539 0.02345930437498217
