0.0 0.47932518706465144 0.1167289301786811 0.09140599372636676 0.16561064222244737
0.0 0.11810045443128842 0.29299610025754574 0.0984899154280199 0.17892906350887355
0.0 0.3835580444546378 0.5149162442251166 0.10399415160421482 0.16904350629185044
0.0 0.5193471463456331 0.3085531228630438 0.05187361498595472 0.11272448429196452
0.0 0.8265882966331481 0.21845588330003163 0.12231535220609857 0.18226501457471145
0.0 0.9110454101226548 0.6144154068639482 0.07129439619735212 0.1177528312942916
0.0 0.6808966160918495 0.7668984878849258 0.15957279568713323 0.4550940586677634
0.0 0.48441230489744913 0.5674245307650041 0.08525977521182798 0.24269445493301223
0.0 0.7064963872168328 0.7514710042315256 0.08110094088793363 0.2024860335709645
0.0 0.01717107445925644 0.41097019891397907 0.03434214891851288 0.23579513573151678
0.0 0.2511222946410706 0.763984652451739 0.17079118336362256 0.24228728967440083
0.0 0.6993847238196111 0.1376690793205903 0.13469419312591324 0.17649106266282968
0.0 0.8907327949861531 0.7261060013000604 0.09405674963436428 0.1286872590759014
