0.0 0.9591780006885529 0.44614100456237793 0.0691480040550232 0.052869975566864014
0.0 0.5655240118503571 0.16547299921512604 0.10812503099441528 0.062261998653411865
0.0 0.17924797534942627 0.6212180256843567 0.11552703380584717 0.07198405265808105
0.0 0.7117879986763 0.1997070014476776 0.10720598697662354 0.06073299050331116
0.0 0.07413899898529053 0.4383609890937805 0.09195494651794434 0.058003008365631104
0.0 0.8446269929409027 0.7184969782829285 0.06616801023483276 0.05274403095245361
0.0 0.4203680157661438 0.5042420029640198 0.06757199764251709 0.07889199256896973
0.0 0.36016201972961426 0.19934199750423431 0.08833897113800049 0.041667014360427856
0.0 0.9439069926738739 0.5599989891052246 0.06633001565933228 0.060613036155700684
0.0 0.127282977104187 0.2932339906692505 0.05813896656036377 0.04192698001861572
0.0 0.4326080083847046 0.39698299765586853 0.07273995876312256 0.03741800785064697
0.0 0.031858980655670166 0.2861100137233734 0.04768204689025879 0.03537702560424805
0.0 0.13576698303222656 0.7685289978981018 0.04916203022003174 0.02757394313812256
0.0 0.16651099920272827 0.09172199666500092 0.07207703590393066 0.04159599542617798
0.0 0.20678699016571045 0.2285190001130104 0.10992693901062012 0.05652301013469696
0.0 0.8744069933891296 0.08126399666070938 0.04539203643798828 0.02420400083065033
0.0 0.5359510183334351 0.40323200821876526 0.07082700729370117 0.02337801456451416
0.0 0.6403610110282898 0.5621050000190735 0.03604602813720703 0.03674805164337158
0.0 0.25170397758483887 0.4685010015964508 0.0498199462890625 0.02538299560546875
0.0 0.22522199153900146 0.5434970259666443 0.0529860258102417 0.02422499656677246
0.0 0.6961910128593445 0.6130729913711548 0.03423106670379639 0.01792597770690918
0.0 0.8853109776973724 0.7632219791412354 0.04230302572250366 0.017261028289794922
0.0 0.6261590123176575 0.27091899514198303 0.061578989028930664 0.023401975631713867
0.0 0.9369469881057739 0.19015300273895264 0.02769303321838379 0.025409013032913208
0.0 0.5500729978084564 0.5908390283584595 0.022226989269256592 0.01715099811553955
0.0 0.0360109806060791 0.13426099717617035 0.037654995918273926 0.016021013259887695
0.0 0.7025350332260132 0.3088420033454895 0.11624598503112793 0.03756999969482422
0.0 0.3616340160369873 0.6973729729652405 0.02917802333831787 0.01891005039215088
0.0 0.6981199979782104 0.3815529942512512 0.05898404121398926 0.028281986713409424
0.0 0.4822689890861511 0.9759200215339661 0.03358495235443115 0.03837299346923828
0.0 0.6841210126876831 0.049001000821590424 0.03512096405029297 0.020945996046066284
0.0 0.6665599942207336 0.9221979975700378 0.0255429744720459 0.026183009147644043
0.0 0.6633670032024384 0.6584060192108154 0.06598597764968872 0.05629301071166992
0.0 0.9022989869117737 0.31802898645401 0.04363596439361572 0.01701897382736206
0.0 0.628246009349823 0.20675300061702728 0.034057021141052246 0.022255003452301025
