0.0 0.8537477843280388 0.5975604334721738 0.06706540573995412 0.14954759060412637
0.0 0.2530665803532948 0.45024970109203266 0.0563986578368402 0.11684627456936036
0.0 0.45272948633342225 0.8569462192578843 0.06620439604159711 0.13148573272046504
0.0 0.22570718749863636 0.7617871131605567 0.06002969522714857 0.12420382083017611
0.0 0.7167842934543883 0.1019627824104231 0.10621923376812448 0.2039255648208462
0.0 0.27679827737620766 0.160687073874554 0.15579344466996886 0.27742844741787365
0.0 0.03514867423891136 0.8544446994334718 0.07029734847782272 0.1214586016400151
0.0 0.17086701099683854 0.4426136441938703 0.0702789343933965 0.09407106528834941
0.0 0.59081522251759 0.6441545791003782 0.04097985755835676 0.07823595455636856
0.0 0.34738019153608846 0.05065283987111588 0.04691530919109216 0.10130567974223176
0.0 0.5876156944989299 0.8377567953818916 0.04254316510477529 0.10565945038081404
0.0 0.41783570051146735 0.276544427460833 0.06345454071590889 0.1587238428080737
0.0 0.8888118223551019 0.9305980741136398 0.07111869156835637 0.07881432151311762
0.0 0.45138120734766535 0.5836614398614148 0.04209813076434388 0.0834960069363736
0.0 0.5115001269360935 0.07619231089193629 0.05163372346398731 0.15238462178387258
0.0 0.5231743980389943 0.46420718065420624 0.06442359203203524 0.1899955568802919
0.0 0.15580452326213776 0.30926260199588157 0.035702883850692535 0.09680701273820524
0.0 0.5774894266643245 0.4139538995547106 0.179967434392448 0.22588988995573372
0.0 0.8438024989899706 0.1373946367431684 0.027011692455425895 0.07834453062922103
0.0 0.18027635287159482 0.5735230147956192 0.0643450635997607 0.09421681110322144
0.0 0.565026564851328 0.24146908397221167 0.07087335585289767 0.11203269156986442
0.0 0.41500474096388135 0.43736442657761426 0.08530004271687175 0.08617666333881757
0.0 0.09329619506372733 0.3139581086800789 0.04399462093418133 0.09162426967817955
0.0 0.011655345986065086 0.4666009127303403 0.023310691972130173 0.07758763206325187
0.0 0.6334822933284532 0.8514480618999294 0.03382680750018141 0.05498240462134729
0.0 0.6612557249640906 0.6853500064220375 0.01763595179837485 0.038932350336559396
0.0 0.09582228248426222 0.5121008519916211 0.023170785835809976 0.052525534909330096
