0.0 0.7788081666983965 0.19584342491743334 0.23440931576922064 0.12469907131331137
0.0 0.5192565338546715 0.7754468242885122 0.44872502601878034 0.220658897787551
0.0 0.41800419027385205 0.42403073906916244 0.11816167281437656 0.0615180061914507
0.0 0.18724477809018275 0.5890545021106479 0.13052562152140748 0.08991966240262617
0.0 0.610663622069961 0.041564419169095326 0.34676434875648915 0.08312883833819065
0.0 0.8296247276321205 0.8796822505926414 0.08176103401431278 0.04242765634209722
0.0 0.2898140534306151 0.09845614800923141 0.09104236753119466 0.04485143016584946
0.0 0.9591515892562826 0.8821390018844959 0.08169682148743473 0.0680867732851399
0.0 0.674519603986165 0.00658514927988538 0.16259603311210347 0.01317029855977076
0.0 0.004327534843218513 0.0796987983597437 0.008655069686437027 0.027164993922439512
0.0 0.2125211692914084 0.012506642293540853 0.14730390709329746 0.025013284587081706
0.0 0.6259951592388954 0.49009312466329813 0.10519629715976997 0.06740974707386876
0.0 0.7110868546753096 0.10728297949533237 0.09024846377908169 0.04450358737125262
0.0 0.7034692750288167 0.5053234917170922 0.10080491419490467 0.07020982612395826
0.0 0.3652344655324907 0.07179979407477854 0.10711240443608694 0.06833404929351845
0.0 0.1890399791716192 0.11906582451882014 0.09591081738497723 0.07133933829676577
0.0 0.3326903601583733 0.13059317864708767 0.05866211277050526 0.027120230723898145
