0.0 0.9585215174406767 0.7834394110739231 0.08295696511864659 0.18212905764579768
0.0 0.5911963821947575 0.41718085423111917 0.10981158465147023 0.0957591289281845
0.0 0.6689488084614277 0.7875256276130677 0.07633563429117207 0.070857138633728
0.0 0.545583692342043 0.1557281818240881 0.06797869503498077 0.06760107651352881
0.0 0.20404755730181934 0.3652992056310177 0.0817593414336443 0.0769932793080807
0.0 0.19401405785232784 0.10790934837423266 0.061632868275046354 0.06425880270078778
0.0 0.4413545919209719 0.8816512307524681 0.09688003882765772 0.10479846805334092
0.0 0.34858096294105057 0.877274574264884 0.054694908112287555 0.059559796303510604
0.0 0.07787048859521747 0.2528700682334602 0.07172455657273531 0.0701229317858815
0.0 0.58736359231174 0.5023960341885686 0.053761891275644236 0.05585205547511579
0.0 0.4056094299629331 0.2530429870449007 0.045486873015761375 0.047088608779013164
0.0 0.5919907664507628 0.2753889451548457 0.060147661715745926 0.06664106033742428
0.0 0.24636266805231571 0.32803282972425224 0.03885649070143701 0.03991668172180651
0.0 0.01082390572875738 0.11773793171159923 0.02164781145751476 0.07553572745993734
