0.0 0.499409019947052 0.971373975276947 0.14291298389434814 0.05239403247833252
0.0 0.05788701772689819 0.21229499578475952 0.09925603866577148 0.034056007862091064
0.0 0.7386429980397224 0.3614560067653656 0.12797798216342926 0.05076301097869873
0.0 0.685777984559536 0.5585950016975403 0.22306101024150848 0.09662103652954102
0.0 0.8273680061101913 0.24049000442028046 0.10938999056816101 0.023478001356124878
0.0 0.301114022731781 0.3454650044441223 0.07090604305267334 0.021942973136901855
0.0 0.5613200068473816 0.7610809803009033 0.11316698789596558 0.04132497310638428
0.0 0.590723991394043 0.662883996963501 0.056478023529052734 0.02477705478668213
0.0 0.6187160015106201 0.20372900366783142 0.09244799613952637 0.04219499230384827
0.0 0.7654650062322617 0.8131030201911926 0.05962398648262024 0.0196230411529541
0.0 0.5344780087471008 0.24726499617099762 0.09954297542572021 0.0474260151386261
0.0 0.7470000088214874 0.44093000888824463 0.06521499156951904 0.01651400327682495
0.0 0.8252580016851425 0.45617398619651794 0.06521499156951904 0.01651400327682495
0.0 0.8652019947767258 0.3742380142211914 0.040758997201919556 0.013974010944366455
0.0 0.4437519907951355 0.11445600166916847 0.022825002670288086 0.022866003215312958
0.0 0.22283798456192017 0.3955160081386566 0.050541043281555176 0.019689977169036865
0.0 0.25218498706817627 0.4161590039730072 0.03097701072692871 0.013974010944366455
0.0 0.9491650033742189 0.3669329881668091 0.06195399537682533 0.03366398811340332
0.0 0.43234002590179443 0.20719000697135925 0.1565150022506714 0.0660569965839386
0.0 0.45842599868774414 0.26689499616622925 0.0586930513381958 0.0330280065536499
