0.0 0.5804328421503305 0.3083105418086052 0.062459932118654304 0.09277217090129852
0.0 0.2802008368074894 0.08146727412939071 0.049285854697227516 0.061745946109294896
0.0 0.7961819227039814 0.45992270812392233 0.05004550844430922 0.052106358110904694
0.0 0.46863760277628896 0.686106847524643 0.0542941647768021 0.06542813181877138
0.0 0.6952928790450096 0.8032950821518898 0.049432981312274915 0.045343175530433655
0.0 0.10274890422821045 0.25128976806998254 0.08288705140352248 0.06884909123182295
0.0 0.06873671382665635 0.33844319462776185 0.04733441531658173 0.038617289066314675
0.0 0.5178388746827841 0.849301338121295 0.05115784570574761 0.05574748739600188
0.0 0.5024675063043833 0.2760921458899975 0.04284597262740136 0.039680765569210075
0.0 0.6516993530839681 0.5478293474018574 0.03602314099669457 0.03367962092161181
0.0 0.7078785701096058 0.36705399706959724 0.053617142140865326 0.041735582053661346
0.0 0.5193511261045933 0.6628237108886242 0.030350959599018013 0.028967417776584625
0.0 0.6034139293432236 0.9834903766959906 0.06490313470363618 0.033019246608018915
