0.0 0.20473069959464596 0.5116070844974705 0.07494550974722411 0.05822856999015791
0.0 0.09850779691928281 0.17097963459810098 0.056224169190425916 0.08419800624954243
0.0 0.06459285020452757 0.46541088340832815 0.05923170976278515 0.04665511682241724
0.0 0.3359947176477559 0.8906696480869731 0.06413086141293983 0.05346458219420469
0.0 0.685007789674911 0.7109723640282706 0.07163865666374436 0.0591043839077291
0.0 0.7665355683411488 0.1462919267508996 0.1041182747635081 0.07965641288794462
0.0 0.6178262116234654 0.2558669760699427 0.0697172280280477 0.06377949172565203
0.0 0.529611401741398 0.916750113894671 0.02192848138726111 0.02059217236117572
0.0 0.6548179246429642 0.4320043191738845 0.05341769079628855 0.04363585366895811
0.0 0.21873726372733177 0.7646474616908219 0.04231971759644709 0.062286543314604814
0.0 0.11252351827542072 0.27763053838481844 0.0477769548868304 0.04190455552144495
0.0 0.47555149928482277 0.5706857339069276 0.043790149128551004 0.0360233333564447
0.0 0.40214672475891916 0.6019671704702739 0.03740970680632327 0.024791076265008982
0.0 0.9177070333850789 0.3623968648427015 0.05084716224610997 0.037889591120732646
0.0 0.432632788905861 0.25039026409844545 0.04723530698803252 0.04875695224650678
0.0 0.5707959436367105 0.35801989628329894 0.03815368424961729 0.02944384183437565
0.0 0.4222950361420934 0.12548541722788392 0.03465892614516758 0.03323738999033993
0.0 0.5357775129388053 0.12567622126000538 0.0513454476403441 0.0335514728289911
0.0 0.2939094125983469 0.4806537934452887 0.0779984390775375 0.0703453084425334
0.0 0.16963132765076233 0.27399090910316215 0.04437258671469396 0.024579319621630902
0.0 0.2680810379609737 0.07355849772758577 0.026603424095424433 0.02201992649449684
0.0 0.5683148423815143 0.05820658254793966 0.058780173537290925 0.03825961942041208
0.0 0.44950685615855235 0.7738113070194041 0.04154129610308638 0.02449952274165912
0.0 0.09850830402829255 0.7822656046371841 0.022366441152527575 0.017467627270333463
0.0 0.6423267543289299 0.8237121320497848 0.034688577753035243 0.024500301506070965
0.0 0.2876988989336338 0.37680347176438034 0.0820011025401495 0.05026149987187961
0.0 0.17773847396261577 0.0866426030573989 0.01584259838614077 0.017340604501086307
0.0 0.7181637440656243 0.8598318854657101 0.018691542054638077 0.017311056775347944
0.0 0.3400717289472446 0.7200260015248329 0.017563216420065086 0.013207661963238415
0.0 0.6453817449818875 0.023369488866011607 0.056360600747838885 0.034576855931292165
0.0 0.24541151766921812 0.1224310269480534 0.028483063789615348 0.03385976060860632
0.0 0.018336786892547315 0.7934622620813048 0.01679905701138776 0.015163407994668754
0.0 0.23562825895986758 0.4690379350516554 0.022899028238077324 0.025231999317176013
0.0 0.6704821105924503 0.6305925595538608 0.027853119052596687 0.02004680422988725
0.0 0.8316873311064717 0.48198157436129085 0.02133545097257672 0.02825864601615008
0.0 0.3976770011658731 0.8845843895276808 0.02514033492298029 0.019132960376130437
0.0 0.2840841945972464 0.900340605456305 0.011998477172846855 0.020797374371983257
0.0 0.6074976625492173 0.07111204970855947 0.015178870645291331 0.015522535241392826
0.0 0.5573996513781836 0.09516122088249873 0.025035750254570055 0.01757430109003638
