0.0 0.4461219906806946 0.4051080048084259 0.26354897022247314 0.12481099367141724
0.0 0.36890798807144165 0.10759799554944038 0.18065595626831055 0.046834997832775116
0.0 0.5160099864006042 0.8184940218925476 0.34809601306915283 0.08691596984863281
0.0 0.1544569730758667 0.5152189880609512 0.07442903518676758 0.06619700789451599
0.0 0.3989499807357788 0.7106239795684814 0.09447503089904785 0.08797597885131836
0.0 0.6181060075759888 0.14401400089263916 0.09917306900024414 0.05037000775337219
0.0 0.5552000105381012 0.0996050015091896 0.0714769959449768 0.031279996037483215
0.0 0.2775319814682007 0.7124289870262146 0.0555109977722168 0.042626023292541504
0.0 0.751906007528305 0.4142470061779022 0.11656898260116577 0.03542298078536987
0.0 0.025677025318145752 0.4308429956436157 0.04836702346801758 0.03556501865386963
0.0 0.5156480073928833 0.6159549951553345 0.09477901458740234 0.06853199005126953
0.0 0.9123069941997528 0.9201599955558777 0.06596201658248901 0.036659955978393555
0.0 0.40601497888565063 0.6245440244674683 0.07101094722747803 0.04958701133728027
0.0 0.705722987651825 0.8747869729995728 0.07309901714324951 0.04728102684020996
0.0 0.8644530177116394 0.23072999715805054 0.18588101863861084 0.14530199766159058
0.0 0.6952799558639526 0.10272599756717682 0.1357560157775879 0.04612800478935242
0.0 0.6597740054130554 0.9762669801712036 0.15246403217315674 0.035748958587646484
