0.0 0.3191710114479065 0.5456740111112595 0.08644598722457886 0.10317298769950867
0.0 0.28105399012565613 0.16475099325180054 0.06073498725891113 0.06933796405792236
0.0 0.1558140069246292 0.037384986877441406 0.05049699544906616 0.06922602653503418
0.0 0.09750799834728241 0.1774119734764099 0.04035300016403198 0.051396965980529785
0.0 0.5788099765777588 0.4196940064430237 0.0708550214767456 0.09616303443908691
0.0 0.3849169909954071 0.8735029958188534 0.09443897008895874 0.14666800945997238
0.0 0.2652670070528984 0.9154050014913082 0.05632598698139191 0.08889799565076828
0.0 0.20259499549865723 0.20709699392318726 0.0356999933719635 0.06260097026824951
0.0 0.6852689981460571 0.7446289956569672 0.04016697406768799 0.0455549955368042
0.0 0.2261270061135292 0.516511008143425 0.07438300549983978 0.07541999220848083
0.0 0.3513050079345703 0.6871249973773956 0.034327030181884766 0.04252701997756958
0.0 0.3359380066394806 0.08405101299285889 0.038990020751953125 0.05902695655822754
0.0 0.5693519711494446 0.6343930065631866 0.03158295154571533 0.04518502950668335
0.0 0.6908779740333557 0.6550720036029816 0.03497004508972168 0.043156981468200684
0.0 0.5153669714927673 0.8886709995567799 0.03621697425842285 0.04842100292444229
0.0 0.675620973110199 0.8998410031199455 0.04914498329162598 0.042789995670318604
0.0 0.45916301012039185 0.6790919899940491 0.05457198619842529 0.042611002922058105
0.0 0.8152499794960022 0.3696010112762451 0.05610394477844238 0.07764995098114014
0.0 0.5340449810028076 0.27267998456954956 0.035408973693847656 0.05330097675323486
0.0 0.27369898557662964 0.27515697479248047 0.05457800626754761 0.06777596473693848
0.0 0.23862600326538086 0.39867502450942993 0.059554994106292725 0.055729031562805176
0.0 0.22295700013637543 0.5916230082511902 0.0728749930858612 0.05328500270843506
0.0 0.48127299547195435 0.3433169722557068 0.05616497993469238 0.0860450267791748
0.0 0.9008579850196838 0.5394479930400848 0.0407710075378418 0.049320995807647705
0.0 0.7401649951934814 0.07369798421859741 0.02752399444580078 0.02665102481842041
0.0 0.4569999873638153 0.9645949993282557 0.03414499759674072 0.05926700308918953
0.0 0.5514400005340576 0.16842597723007202 0.03278398513793945 0.05570101737976074
0.0 0.10048600286245346 0.33876097202301025 0.039122000336647034 0.04557597637176514
0.0 0.23572500050067902 0.03602397441864014 0.05960598587989807 0.06311094760894775
0.0 0.22889000177383423 0.7461979910731316 0.05588698387145996 0.10399501025676727
0.0 0.7046570181846619 0.3499770164489746 0.02959597110748291 0.10538995265960693
0.0 0.6174119710922241 0.3675060272216797 0.0264359712600708 0.0503309965133667
0.0 0.8524259924888611 0.9117470011115074 0.059440016746520996 0.1460690051317215
0.0 0.8102099895477295 0.14306902885437012 0.023340940475463867 0.025750041007995605
0.0 0.7244970202445984 0.7990839928388596 0.02050304412841797 0.036150991916656494
0.0 0.01776799838989973 0.059117019176483154 0.034066999331116676 0.04965102672576904
0.0 0.7294939756393433 0.9082970004528761 0.03648805618286133 0.10264700278639793
0.0 0.1970990002155304 0.27621299028396606 0.019836992025375366 0.03258800506591797
0.0 0.7650290131568909 0.5691649913787842 0.020437002182006836 0.02633202075958252
0.0 0.9638980031013489 0.8225809931755066 0.05044996738433838 0.08054500818252563
0.0 0.2709900140762329 0.8249019980430603 0.023531019687652588 0.02695101499557495
0.0 0.7655699849128723 0.6368040144443512 0.022560954093933105 0.03206002712249756
0.0 0.14173400402069092 0.32441699504852295 0.03492799401283264 0.0221940279006958
0.0 0.5186219811439514 0.47881197929382324 0.023025035858154297 0.03579294681549072
0.0 0.8970609903335571 0.37303000688552856 0.036048054695129395 0.04493606090545654
0.0 0.9167330265045166 0.6654169857501984 0.10535502433776855 0.06289702653884888
0.0 0.664700984954834 0.512690007686615 0.049134016036987305 0.038514018058776855
0.0 0.3960910141468048 0.0536080002784729 0.02331000566482544 0.024183034896850586
0.0 0.08851899951696396 0.2499229907989502 0.03126700222492218 0.03808796405792236
0.0 0.42118600010871887 0.3342909812927246 0.02022397518157959 0.02177298069000244
0.0 0.4711819887161255 0.2715039849281311 0.028192996978759766 0.03500998020172119
0.0 0.5290799736976624 0.5280730128288269 0.03554201126098633 0.04137098789215088
0.0 0.5375609993934631 0.5719070136547089 0.026656031608581543 0.02856600284576416
0.0 0.15666399896144867 0.7665060013532639 0.04159700870513916 0.05877599120140076
0.0 0.20321199297904968 0.8615140020847321 0.017167001962661743 0.02496001124382019
0.0 0.3824729919433594 0.7282609939575195 0.02178901433944702 0.04025799036026001
0.0 0.739674985408783 0.42914700508117676 0.04027605056762695 0.04428303241729736
0.0 0.8014100193977356 0.7004829943180084 0.07394897937774658 0.0652170181274414
0.0 0.7931560277938843 0.6360709965229034 0.01782703399658203 0.016907989978790283
0.0 0.8601729869842529 0.7113530039787292 0.029052019119262695 0.02576500177383423
0.0 0.6690269708633423 0.27898597717285156 0.01914799213409424 0.01932394504547119
0.0 0.57361900806427 0.519324004650116 0.022449016571044922 0.034622013568878174
0.0 0.690155029296875 0.5688410103321075 0.04291701316833496 0.05636101961135864
0.0 0.7393450140953064 0.5056360065937042 0.0937570333480835 0.1022539734840393
0.0 0.7007200121879578 0.4625599980354309 0.04159700870513916 0.040258049964904785
0.0 0.6333730220794678 0.08655399084091187 0.02971196174621582 0.05314004421234131
0.0 0.7112839818000793 0.1694849729537964 0.03499400615692139 0.040258049964904785
0.0 0.4871249943971634 0.48872800171375275 0.029051989316940308 0.034621983766555786
0.0 0.38643500208854675 0.9774560006335378 0.023109018802642822 0.04428299702703953
