0.0 0.17070500180125237 0.6492840051651001 0.11719099432229996 0.08358502388000488
0.0 0.14411599934101105 0.7578510046005249 0.06363600492477417 0.05868399143218994
0.0 0.7119250297546387 0.46483901143074036 0.13810503482818604 0.11967402696609497
0.0 0.26854000240564346 0.1998409926891327 0.07362501323223114 0.0623989999294281
0.0 0.43111398816108704 0.8371989727020264 0.056523025035858154 0.03470802307128906
0.0 0.9210960268974304 0.2037220001220703 0.06482696533203125 0.05066400766372681
0.0 0.057270003482699394 0.14069700241088867 0.04320100322365761 0.03528299927711487
0.0 0.021808999590575695 0.3407300114631653 0.040772998705506325 0.04120802879333496
0.0 0.25753700733184814 0.7788029909133911 0.03942000865936279 0.03372502326965332
0.0 0.026473000645637512 0.48159798979759216 0.04628700017929077 0.03864401578903198
0.0 0.7515100240707397 0.2734470069408417 0.0329289436340332 0.02504199743270874
0.0 0.14582500234246254 0.13606299459934235 0.05063500255346298 0.0741870105266571
0.0 0.36653798818588257 0.2490610033273697 0.027181029319763184 0.03524598479270935
0.0 0.306317001581192 0.4121539890766144 0.054480016231536865 0.032131969928741455
0.0 0.9468539953231812 0.08583199977874756 0.04651296138763428 0.03634899854660034
0.0 0.5821189880371094 0.639290988445282 0.0343780517578125 0.02725398540496826
0.0 0.28596600890159607 0.054055001586675644 0.06219702959060669 0.025266997516155243
0.0 0.9046310186386108 0.9256929755210876 0.1829010248184204 0.147102952003479
0.0 0.6466469764709473 0.6269109845161438 0.03388702869415283 0.04276299476623535
0.0 0.5943719744682312 0.7667620182037354 0.05225801467895508 0.07387697696685791
0.0 0.3279249966144562 0.35503000020980835 0.03290200233459473 0.039179980754852295
0.0 0.37697601318359375 0.574633002281189 0.04349297285079956 0.03572702407836914
0.0 0.6357920169830322 0.3276109993457794 0.028210043907165527 0.041131019592285156
0.0 0.5415670275688171 0.36190399527549744 0.03864896297454834 0.0316389799118042
0.0 0.823527991771698 0.7588040232658386 0.03332102298736572 0.05983996391296387
0.0 0.84067702293396 0.5610190033912659 0.05328798294067383 0.02945399284362793
0.0 0.7856240272521973 0.5381190180778503 0.02487003803253174 0.020323991775512695
0.0 0.6506670117378235 0.90379798412323 0.027894020080566406 0.03858602046966553
0.0 0.8503860235214233 0.6421989798545837 0.03369104862213135 0.02905094623565674
0.0 0.9087539911270142 0.7833560109138489 0.0646979808807373 0.06538593769073486
0.0 0.17148500680923462 0.9856269955635071 0.027211010456085205 0.028679966926574707
0.0 0.4256030023097992 0.9387580156326294 0.02947300672531128 0.026319026947021484
0.0 0.3567120134830475 0.6524459719657898 0.05581897497177124 0.04970502853393555
0.0 0.8035460114479065 0.9889870285987854 0.06383705139160156 0.0220259428024292
0.0 0.8527420163154602 0.8413190245628357 0.031921982765197754 0.027125954627990723
0.0 0.4949980080127716 0.6561970114707947 0.04975098371505737 0.04689300060272217
0.0 0.4047510027885437 0.2034599930047989 0.02212899923324585 0.021804988384246826
0.0 0.6080120205879211 0.04730499908328056 0.03396105766296387 0.019565999507904053
0.0 0.9095950126647949 0.6850079894065857 0.05997800827026367 0.017979979515075684
0.0 0.9219779968261719 0.15255600214004517 0.02141702175140381 0.014681011438369751
0.0 0.1651889979839325 0.21603399515151978 0.0395359992980957 0.017603009939193726
0.0 0.8120129704475403 0.3299640119075775 0.030212998390197754 0.029331982135772705
0.0 0.7654749751091003 0.013996999710798264 0.03172802925109863 0.01848600059747696
0.0 0.8642190098762512 0.012940000277012587 0.03496503829956055 0.021655001677572727
0.0 0.8959469795227051 0.0464790016412735 0.02848994731903076 0.033803001046180725
0.0 0.44228801131248474 0.49534401297569275 0.0735669732093811 0.03724700212478638
0.0 0.22923700511455536 0.06704500317573547 0.035540997982025146 0.045774996280670166
0.0 0.542087972164154 0.9096860289573669 0.10007500648498535 0.10604500770568848
0.0 0.4405460059642792 0.5536649823188782 0.036062002182006836 0.01987600326538086
0.0 0.15009699761867523 0.4741609990596771 0.01851901412010193 0.015106022357940674
0.0 0.8791419863700867 0.5743359923362732 0.024366021156311035 0.04054701328277588
0.0 0.7100390195846558 0.6093180179595947 0.04093599319458008 0.06598794460296631
0.0 0.8352829813957214 0.3437750041484833 0.026316046714782715 0.029416024684906006
0.0 0.43031200766563416 0.749642014503479 0.11111098527908325 0.03975200653076172
0.0 0.5245100408792496 0.9672120213508606 0.1002180278301239 0.05953395366668701
0.0 0.6318079829216003 0.9556599855422974 0.08823502063751221 0.03287696838378906
0.0 0.4346410036087036 0.9032340049743652 0.04684102535247803 0.022214055061340332
0.0 0.7805010080337524 0.043540000915527344 0.06318104267120361 0.02843400090932846
0.0 0.8921570181846619 0.08796899765729904 0.07080602645874023 0.062199994921684265
0.0 0.8088240027427673 0.09863200038671494 0.034857988357543945 0.04265199601650238
0.0 0.7717859745025635 0.1079619973897934 0.03268003463745117 0.03465399146080017
