0.0 0.8904106629704419 0.7622155201719524 0.12213918603577611 0.13148003999673308
0.0 0.5137506987318659 0.6343463966571934 0.15535203766964395 0.16326360745431834
0.0 0.7179830921481285 0.6862360871242309 0.07663557251411257 0.06772266960446993
0.0 0.5908501167495852 0.7656540194257238 0.07042807018031694 0.05467852871128298
0.0 0.2218500367689449 0.9923276913308727 0.07667147698553584 0.015344617338254651
0.0 0.24064772108950383 0.6337768119443652 0.06617639670853973 0.052158472832598446
0.0 0.34940834478952487 0.5840191534584434 0.05240875754268437 0.045229605185192256
0.0 0.16594843726881875 0.7744566328058919 0.04315263448866452 0.04020136785681028
0.0 0.22126612203181875 0.7346556198731591 0.052167231848126494 0.04960224034414751
0.0 0.16515640950723198 0.1937683415394251 0.042950027600799884 0.03694943638874887
0.0 0.43002964900733226 0.3099223446668414 0.09824596721972167 0.11234266316732655
0.0 0.14444412320758415 0.34085133078211993 0.026477258401507858 0.02477205926005871
0.0 0.12228835659760631 0.5594822228074425 0.0678424871425201 0.10113587145389458
0.0 0.18260527247380154 0.43064170080990827 0.07810366942881525 0.09080128323098291
0.0 0.8039069369706131 0.3087465088842658 0.11285720515309783 0.12636946121685932
0.0 0.08102468850281333 0.1333425454447226 0.045301055856555875 0.04183465989325903
0.0 0.21505907691064452 0.27792905676583324 0.06590359720390263 0.05972903876755087
0.0 0.5513066613783577 0.5126371953765957 0.07696884635878187 0.11914296858683121
0.0 0.8913354469935028 0.48369290013659494 0.12434085458511479 0.1196477481436573
0.0 0.847378100639858 0.2570665588559844 0.09654498772744613 0.11180457989323583
0.0 0.30872756968214987 0.9781751860786541 0.10700633757306027 0.043649627842691996
0.0 0.7437549482423982 0.7688850533006626 0.04596857000828547 0.03660618520304737
