0.0 0.3254539966583252 0.8920149803161621 0.093284010887146 0.04418003559112549
0.0 0.6226450204849243 0.7235640287399292 0.06531703472137451 0.04786205291748047
0.0 0.5353350043296814 0.35423099994659424 0.05021703243255615 0.03023505210876465
0.0 0.29815399646759033 0.3606959581375122 0.0539969801902771 0.05102801322937012
0.0 0.6342170238494873 0.24476900696754456 0.044486045837402344 0.028683006763458252
0.0 0.2585820034146309 0.2066279947757721 0.03241400420665741 0.023531973361968994
0.0 0.7932209968566895 0.05046698451042175 0.0589909553527832 0.037928998470306396
0.0 0.4570940136909485 0.36283499002456665 0.03593802452087402 0.024376988410949707
0.0 0.5102120041847229 0.7102299928665161 0.053439974784851074 0.0282210111618042
0.0 0.44644099473953247 0.25628799200057983 0.030605018138885498 0.026980996131896973
0.0 0.13505500555038452 0.24109899997711182 0.03582599759101868 0.019024014472961426
0.0 0.5585899949073792 0.46035099029541016 0.05056202411651611 0.035386085510253906
0.0 0.16550399363040924 0.4736059904098511 0.035052984952926636 0.019999980926513672
0.0 0.23420800268650055 0.6800879836082458 0.04359498620033264 0.0373460054397583
0.0 0.3218120038509369 0.14175298810005188 0.056963980197906494 0.025204002857208252
0.0 0.28732699155807495 0.45805102586746216 0.03271001577377319 0.022596001625061035
0.0 0.10306300222873688 0.6145640015602112 0.031359001994132996 0.021708011627197266
0.0 0.9196270108222961 0.08185899257659912 0.047425031661987305 0.06503796577453613
0.0 0.22822100669145584 0.3932409882545471 0.0529550164937973 0.025557994842529297
0.0 0.5579699873924255 0.5222200155258179 0.03245997428894043 0.016705036163330078
0.0 0.5699229836463928 0.3066909909248352 0.030789971351623535 0.021809935569763184
0.0 0.4484120011329651 0.17060399055480957 0.02951502799987793 0.023869037628173828
0.0 0.4997440129518509 0.10705697536468506 0.04219302535057068 0.03090500831604004
0.0 0.611624002456665 0.4291810095310211 0.03105902671813965 0.016910016536712646
0.0 0.3488270044326782 0.248509019613266 0.037149012088775635 0.026346027851104736
0.0 0.49225300550460815 0.26028600335121155 0.03334701061248779 0.018655002117156982
0.0 0.4147140085697174 0.7744939923286438 0.032620012760162354 0.021450042724609375
0.0 0.13655099645256996 0.9305559992790222 0.030333004891872406 0.023130059242248535
0.0 0.38896098732948303 0.12396597862243652 0.021665990352630615 0.014539003372192383
0.0 0.3434619903564453 0.5984690189361572 0.05199897289276123 0.019826054573059082
