0.0 0.2533630207180977 0.24908199906349182 0.08413700759410858 0.2276039719581604
0.0 0.5959039926528931 0.5849840044975281 0.05640697479248047 0.14172399044036865
0.0 0.31409600377082825 0.6950309872627258 0.06423401832580566 0.18191897869110107
0.0 0.4600749909877777 0.07414400577545166 0.05166900157928467 0.14828801155090332
0.0 0.7540820240974426 0.6514390110969543 0.12234199047088623 0.15823101997375488
0.0 0.9107609987258911 0.1452380120754242 0.03022003173828125 0.07768398523330688
0.0 0.6057530045509338 0.40733999013900757 0.03480100631713867 0.13195598125457764
0.0 0.4022350013256073 0.15091800689697266 0.02772700786590576 0.09746801853179932
0.0 0.8857600092887878 0.4225280284881592 0.02359795570373535 0.04487299919128418
0.0 0.917809009552002 0.40612098574638367 0.046785950660705566 0.06430000066757202
