0.0 0.011354392766952515 0.6387953229248524 0.02270878553390503 0.19992641776800157
0.0 0.7332069635391236 0.06429773800075055 0.1382912635803223 0.11294048309326171
0.0 0.2492401659488678 0.5353611399233341 0.12648428678512574 0.09827634960412984
0.0 0.8872015416622161 0.9633163888752461 0.1142746567726135 0.07336722224950787
0.0 0.5019142329692841 0.6114561748504639 0.1561248421669006 0.0992539167404175
0.0 0.11548478603363037 0.3949739168584347 0.1924534320831299 0.12038421362638474
0.0 0.9231601476669311 0.3793165551126003 0.10401198863983152 0.06619736343622207
0.0 0.0336894154548645 0.730807694196701 0.067378830909729 0.0666333690285682
0.0 0.972441491484642 0.14183524042367934 0.05511701703071592 0.1169815219938755
0.0 0.07238049507141113 0.9615697041153908 0.14476099014282226 0.07686059176921844
0.0 0.92499880194664 0.2832682739570737 0.10576969385147095 0.06923194043338302
0.0 0.664421820640564 0.8380780686438083 0.1115397691726685 0.06346199214458459
