0.0 0.943140408136395 0.876288303110211 0.06795712982554225 0.18361803156316547
0.0 0.17429112740071473 0.6755675128333665 0.04501454764728133 0.125581218720758
0.0 0.4040274391102704 0.1334310669771229 0.06445308330801436 0.16763509198512178
0.0 0.581519714852663 0.34958960796740635 0.119959969631098 0.29897250241914186
0.0 0.302570147411799 0.0045127897854054695 0.03645703256134375 0.009025579570810939
0.0 0.33112578219303146 0.5484784933939686 0.029924529663620636 0.08772253151541498
0.0 0.7545358064248433 0.6403034732010134 0.053659261336251984 0.14526312108034323
0.0 0.6665317614546775 0.5296254898476057 0.03066628319012421 0.07595952588129284
0.0 0.240538195762119 0.11931896416585376 0.05172991244102873 0.12570277654433312
0.0 0.830252995223344 0.48380835677092726 0.026259480010934477 0.0747416764306102
0.0 0.2701267725771531 0.23810165296735547 0.057564864285187645 0.13701170690974981
0.0 0.4795097975208077 0.19152391197148624 0.02409023365739127 0.07762310817178047
0.0 0.504138598545957 0.12761415302636214 0.024090233657391213 0.07762310817178056
0.0 0.4327481021317779 0.022978507385697896 0.018474781089605208 0.04595701477139579
0.0 0.1338237669103653 0.21617868892489595 0.02442157790013824 0.04141633326647151
0.0 0.3676008990882451 0.6668568731615026 0.025119381772755023 0.0659044264012405
0.0 0.3908057022305219 0.6553380112871741 0.017179475243462916 0.04198269598469795
0.0 0.21909774155377515 0.3046850652735083 0.08254475945324227 0.20832956048414908
0.0 0.27842689357398176 0.32893373769046796 0.03868124469946693 0.08500890399525596
