0.0 0.43757719398453765 0.9487669424843765 0.1274149387886021 0.10246611503124703
0.0 0.5730302259754199 0.12425090797531327 0.0933062141787967 0.10072441489889833
0.0 0.37099658126402907 0.644038389790476 0.057334130126377 0.07362375053167602
0.0 0.47808204425344203 0.3380125211934404 0.04660653407878157 0.05946932528822141
0.0 0.47579116280808004 0.6315170131731221 0.07191556820425127 0.08153239520471867
0.0 0.465677366717291 0.5206357910546016 0.11920769996465719 0.14289717085382686
0.0 0.46947478275388943 0.7622587101243953 0.07086861612227108 0.09201554237094789
0.0 0.248733089085393 0.9492394626209817 0.08265995656510874 0.10152107475803673
0.0 0.4049159429404968 0.8108873417826661 0.04152303166216892 0.054247696620763564
0.0 0.5838619128344172 0.5197801518512453 0.07812806318942012 0.07730318495565403
0.0 0.8518032063794929 0.6851015722298284 0.16530805733530796 0.18998075021451488
0.0 0.741155979570421 0.3137383764509215 0.11817347855850835 0.12313053784648315
0.0 0.7702372550012968 0.02019723248914965 0.036979433968540754 0.0403944649782993
0.0 0.3169434504494574 0.2755356370767772 0.04845672576087001 0.05933577143136695
0.0 0.27980458836747035 0.33006932813340095 0.03824727489557089 0.04680623877787887
0.0 0.2693776264494466 0.23476596532953403 0.03640385308677657 0.04309740573586554
0.0 0.6845554167204171 0.8457134805740529 0.11646312778537748 0.1357347307222604
0.0 0.6400042234301793 0.05696377615472413 0.026437953040670314 0.030068828102851004
0.0 0.11035389097314086 0.7702814860494605 0.027781501818355328 0.033787956760325755
0.0 0.44533907812174567 0.1177851062333958 0.09597017380065098 0.08766645918963113
0.0 0.24178234785138175 0.3369719492921751 0.05250788472820467 0.06069461714874408
0.0 0.09631714024518631 0.5142642872821458 0.08767628693270595 0.10303886008875973
0.0 0.06313018672017928 0.426607297030988 0.06163047699373332 0.086601830707206
0.0 0.7120136253071145 0.09187045042212305 0.056645378666685176 0.06275237057302677
0.0 0.8188513031381158 0.03294533314400638 0.07430445959576648 0.06589066628801277
