0.0 0.8146498412293678 0.4666192953123057 0.27258809982433996 0.17289534054872974
0.0 0.42584293439928367 0.700082669012556 0.22542108993034415 0.10532785251573129
0.0 0.6034327284244706 0.22948959405591965 0.13686655524106817 0.07024675468521885
0.0 0.08415619057577171 0.1479586161789735 0.12053812236598807 0.057437661504951734
0.0 0.3752621984503549 0.30973224948635736 0.2103401951003266 0.11253450455184882
0.0 0.7758116834553055 0.167403698888703 0.15170805656938346 0.10122015839914296
0.0 0.5437417480621612 0.8305938113837049 0.10382660453459874 0.04823878761170319
0.0 0.554382511298189 0.9007202636887888 0.1191609958572033 0.06430206135538463
0.0 0.8530115877751263 0.9011098865426094 0.2939768244497475 0.18072659341539743
0.0 0.8163069297584766 0.7677662030942531 0.36738614048304663 0.3260962838768121
0.0 0.03604929779891073 0.38524935319033154 0.07209859559782146 0.11352266144113166
0.0 0.0011612738351710543 0.22340473304190983 0.0023225476703421085 0.08583502185702288
0.0 0.3244190243801982 0.5259512737595633 0.33772844614951086 0.14023792974279303
0.0 0.04601501703701645 0.28172659003006023 0.0920300340740329 0.08724350863769167
