0.0 0.7585593887491825 0.3074013925875288 0.15375632042121068 0.29065277943681045
0.0 0.10878140909370265 0.2970971452497305 0.09875832080709768 0.21528631950121907
0.0 0.09213899597822638 0.6192630983505052 0.09235908090320652 0.21082895810890534
0.0 0.3332277425642451 0.10009776466434284 0.0743339918658239 0.1908490716362185
0.0 0.644077765107111 0.9736597542103749 0.052707230711661945 0.052680491579250144
0.0 0.40298797344955584 0.422497090071165 0.0625482252615962 0.0886598031824603
0.0 0.5186610022785658 0.2407084747573428 0.10732151176229027 0.33159974210903886
0.0 0.049564825527004926 0.07280685229697337 0.0803295912967207 0.14561370459394674
0.0 0.9388739882834197 0.38026970234250373 0.10010665667053464 0.17290094836331626
0.0 0.41912130771899636 0.7620346419147621 0.06422505985134769 0.11744558468325894
0.0 0.24730713047595013 0.04827429818113558 0.11532849165829012 0.09654859636227116
0.0 0.03690326866708148 0.49549695311945074 0.07380653733416297 0.09321000492807285
