0.0 0.678168212687557 0.44993627616998444 0.09964764352242139 0.12350219889587727
0.0 0.7454729958452287 0.8643003229787398 0.06331807750542606 0.10420589227162402
0.0 0.7134354969387728 0.03501654129660855 0.07124573300780257 0.0700330825932171
0.0 0.2720751595070058 0.6642041509502234 0.046531656429623036 0.05350306503462188
0.0 0.3920094159757082 0.30908338429004767 0.07619661295311264 0.10735904881977709
0.0 0.4965445596529514 0.22894442495036404 0.07830314334344851 0.10273104339996394
0.0 0.2894106064455573 0.8384553239941005 0.05581404608720181 0.04975914151337424
0.0 0.8033690978636441 0.07546469463495425 0.045098336785654225 0.07400504281763573
0.0 0.6077360113831631 0.8194094016472594 0.11081806711827824 0.17049214024942483
0.0 0.12316322327505713 0.2478136416223259 0.06830097066807579 0.08912129236941291
0.0 0.33972975327374144 0.24736274033187505 0.034386871629004445 0.06111999313735006
0.0 0.26751253656671037 0.5677538058876376 0.03814927324311773 0.048315242784226164
0.0 0.4618733500287801 0.8250095087661911 0.04733135427289925 0.05970295465898012
0.0 0.9202840513943877 0.043411489205494765 0.04700949615100958 0.06233905392387308
0.0 0.4307344303262577 0.14126092559266193 0.04368198962362596 0.06786273066416365
0.0 0.522189145110916 0.593814915172793 0.05782974508224503 0.04918325027120429
0.0 0.5368995622953837 0.9162784716896635 0.04664035560759272 0.07404852279651308
0.0 0.40206389279568083 0.5459664366712563 0.03534107760808858 0.05010561553041093
0.0 0.7877289660397835 0.5029550939746098 0.08055565901359318 0.06691304401733911
0.0 0.9154800346893133 0.2218753113324817 0.04616500935554879 0.059251158271420856
0.0 0.03609603315888694 0.4371338278857375 0.039272349706744314 0.06042367759642581
0.0 0.1262139705398741 0.00605292310412862 0.02457532344570057 0.01210584620825724
0.0 0.7266323338679049 0.15556056141529434 0.06635630495589373 0.08861062104660317
0.0 0.22949387551787548 0.7243828192701968 0.024249831826284346 0.03977550611951708
0.0 0.64215974833212 0.6052697871584546 0.03955159839464717 0.0507247722166797
0.0 0.7808839908460166 0.41918676502725116 0.0838560462636071 0.09225093960541192
0.0 0.17487258868240796 0.464183456253495 0.026987514730063195 0.03468715813013923
0.0 0.7657142752613693 0.2894216333623316 0.0665066551525535 0.06551656453102422
0.0 0.4153035691553721 0.031995840248373764 0.03686320780658292 0.06399168049674753
0.0 0.45554645679847255 0.37566708766959905 0.029556985168465055 0.04498450817878119
0.0 0.2412990967158668 0.22684875275690108 0.041069482590330386 0.11374129667518038
0.0 0.28193804528223854 0.14908774437884859 0.028664180684243645 0.026886749384198994
0.0 0.8110432076041783 0.15428829070780625 0.0229696815291901 0.03721216976011496
0.0 0.1737698524734791 0.5393195937765963 0.027680081490157132 0.04118367660380495
0.0 0.35546844313833775 0.954819501583235 0.0505356546324669 0.06766490565455174
0.0 0.871060441054835 0.2073690619051645 0.039961466524358835 0.02954454938028922
0.0 0.22693630492681185 0.840111041368313 0.04237235463766276 0.106625997585442
0.0 0.09352141024169763 0.8481585904001889 0.072911131295887 0.15459831474268815
0.0 0.9304958612379848 0.12225074514838774 0.03889615405113933 0.047073182890346635
0.0 0.6126714425467824 0.9357393921758548 0.025424499523263977 0.0474579355371888
0.0 0.7618445196975748 0.6469249337789151 0.04395350641820617 0.07030585682203094
0.0 0.4477251563052723 0.4297111948481636 0.04008946180085521 0.03481975932598569
0.0 0.16425526142652425 0.6083939731412711 0.04258049363699065 0.045005199695042686
0.0 0.3046258444221458 0.33872605354642316 0.03548976705651424 0.05145544188451395
0.0 0.2937173212259929 0.40586719425436435 0.052560722523558756 0.04694517342538834
0.0 0.8660604133319147 0.7002932120288861 0.045481281400400864 0.07881667181650998
0.0 0.7956302784495979 0.6780076545518974 0.036999757054055116 0.11329502330848185
0.0 0.7380769000283183 0.7656850900034597 0.03573651934747113 0.04264877461241612
0.0 0.7154985886100644 0.7753270982136601 0.030039782389182146 0.07060345832600246
0.0 0.49575946749987587 0.3812875482038641 0.029742038920957503 0.03104006166801193
0.0 0.054687462654636726 0.5967200053275026 0.06780287847752517 0.1069864953556191
0.0 0.24328151428596856 0.42932596483634644 0.03649476993248435 0.06984572787839305
0.0 0.1859665603012312 0.3645170323358399 0.056933117261376426 0.050853422769296996
0.0 0.2079735230306367 0.31252361567733067 0.027957255538831605 0.02917750662781654
