0.0 0.834099044701373 0.6727913604614021 0.09114030180797172 0.06470189568802343
0.0 0.5214436024454507 0.6435221018132307 0.06742467467408508 0.050311554670165015
0.0 0.47114199323076733 0.21555689618290252 0.13750495697313542 0.09794195951980808
0.0 0.4491773346919308 0.6455213206049395 0.06547139091949145 0.04971931506145777
0.0 0.6143751910790132 0.7046467767717266 0.05824182523421506 0.04453480297635626
0.0 0.5659704316067357 0.5813470710980959 0.07046842736922287 0.052697850634597976
0.0 0.3378462186011241 0.6574164961640039 0.07772745088788502 0.05901943680302335
0.0 0.5832300213542377 0.9080554994128885 0.0987692767149313 0.0786377254611148
0.0 0.41339570443897133 0.2569256478540618 0.059574199072288225 0.043845522296366846
0.0 0.5953125992734609 0.4977416350912187 0.05655122259059586 0.039221332786389784
0.0 0.7059597177766286 0.4237284299699918 0.07696693763359452 0.06326081956206486
0.0 0.5723567765487261 0.4606380832088014 0.057971074718722426 0.04293901564770147
0.0 0.3471683007148785 0.5808161272139787 0.05884707220442775 0.03947158262101558
0.0 0.6544053373332976 0.8691528704118439 0.07813287889876874 0.0637963720514575
0.0 0.597288867857909 0.8064635343146904 0.09678203591442958 0.07009486258139641
0.0 0.39595652167318873 0.588203275776161 0.049582630435554664 0.03612495077513245
0.0 0.09360641395053312 0.5000891709178525 0.03956772804090063 0.03555908917841061
0.0 0.6132712451134508 0.45355886263576967 0.03216058727026827 0.0245792814344461
0.0 0.6888246231194509 0.7659670920815912 0.04409675627725207 0.03374446302836254
