0.0 0.19263645444065333 0.050515509843826294 0.09613649897277354 0.10103101968765259
0.0 0.09563633441925048 0.23423426032066347 0.0727576771378517 0.09377852201461792
0.0 0.18993329979479312 0.7527532815933228 0.07415148437023164 0.07533785820007322
0.0 0.2902061067149043 0.32345059514045715 0.22358370207250117 0.2021721339225769
0.0 0.33282333165407185 0.7123709535598755 0.07722995772957802 0.0937796974182129
0.0 0.7946112820506096 0.4028887069225311 0.15288842171430583 0.12238776445388794
0.0 0.1383570210635662 0.8378677010536193 0.05629457712173462 0.05698397159576418
0.0 0.39128561291843655 0.5533709883689881 0.06093250550329682 0.0679927206039429
0.0 0.4592475998774171 0.8777073574066162 0.15584285847842694 0.09282445907592773
0.0 0.6701381048560142 0.7696294426918029 0.17829071372747418 0.13300988674163816
0.0 0.07514788614585996 0.02696169853210449 0.059284395985305306 0.05392339706420898
0.0 0.46132325183600187 0.2524796044826507 0.1389915830641985 0.09094628572463986
0.0 0.8655318585038185 0.7230938363075257 0.08441149622201927 0.0778563833236694
0.0 0.30109053816646336 0.013975170850753784 0.05528512813150882 0.027950341701507567
