0.0 0.8002959586679935 0.5785230005159974 0.1203280365467072 0.10264038853347301
0.0 0.23585933413356544 0.1174571898765862 0.06216028325259687 0.05976835694164037
0.0 0.2896495322138071 0.906284449994564 0.08152850404381753 0.09202679693698879
0.0 0.33831702888011933 0.38242966271936896 0.10379544824361797 0.07900228053331376
0.0 0.49137444891035553 0.7502649549394846 0.061876604706049 0.05596315339207647
0.0 0.7075658646225929 0.6429113641381263 0.05030191123485561 0.061347225308418296
0.0 0.9755828280746937 0.3512294603511691 0.04332372337579726 0.03953263275325297
0.0 0.5716549241542817 0.7480394512414932 0.05464024215936658 0.06067275255918503
0.0 0.19877248030155897 0.9251392338424922 0.045277651026845 0.053509441763162635
0.0 0.47383969269692894 0.29615485239773987 0.0436305998265743 0.045018838718533516
0.0 0.36080359220504765 0.47273752074688674 0.05951890438795088 0.054225869849324204
0.0 0.11714927069842815 0.2511202414520085 0.04406697869300841 0.047551489435136346
0.0 0.5725035616010428 0.8298608116805554 0.07128084138035773 0.05768065452575688
0.0 0.523780076354742 0.26305353799834846 0.044825176596641536 0.04985373225063083
0.0 0.49371264085173605 0.09008644269779326 0.03192437469959253 0.041019362211227414
