0.0 0.48479514360427856 0.6201014787703752 0.15040471792221072 0.13183725848793992
0.0 0.5870384311676025 0.9551509930193425 0.11085701704025264 0.08969801396131516
0.0 0.45514000654220577 0.09508167773485184 0.06343383312225342 0.07446207329630852
0.0 0.05771410554647445 0.451681614369154 0.07917170226573944 0.0761740148067474
0.0 0.037446798980236055 0.6174619626998901 0.07489359796047211 0.08780114054679877
0.0 0.3253356552124024 0.2885837721452117 0.05502186298370365 0.05185886137187479
0.0 0.8807579433918 0.8292569697648287 0.09151395559310915 0.07235281392931936
0.0 0.612649564743042 0.004000535644590855 0.043630456924438565 0.00800107128918171
0.0 0.7990417206287384 0.5929067422449589 0.05872929334640509 0.03532254546880731
0.0 0.36131568610668185 0.5603192956000567 0.05952941060066225 0.06601904109120371
0.0 0.4984311991930008 0.16820084664970636 0.04675962328910821 0.05950026400387287
