0.0 0.2861081777023304 0.35985896069603174 0.03960909350421382 0.08517599975980789
0.0 0.4473582577465328 0.5756793795102704 0.04263627955717936 0.06554203777505652
0.0 0.45125578599214156 0.47845829908120724 0.027061994242350507 0.050897048173989545
0.0 0.1004124344094165 0.46875303001795426 0.024622053670182317 0.04991956494516825
0.0 0.4431628172282057 0.22700132229705794 0.03165242249011768 0.04114332066606052
0.0 0.7579221700976245 0.03248175597803433 0.01772747487305537 0.03482005055837148
0.0 0.5492490577731322 0.7628552081605785 0.027366239232522127 0.03810504028877948
0.0 0.478795923604042 0.10135494088176394 0.01754773907011803 0.02808363789381045
0.0 0.5921549680717217 0.11856318558507918 0.017631963737940515 0.029470595854360043
0.0 0.7996149237530965 0.11530748626820408 0.020742913753620917 0.03387095268446584
0.0 0.387847692309764 0.4057630906184898 0.02001358415648552 0.03173557789534981
0.0 0.24421839468512188 0.21426211613685464 0.016896882219854248 0.028847482738292102
0.0 0.5679694690234884 0.2513988220891558 0.02429999580694786 0.0393613204625852
0.0 0.48081929343127905 0.4894398208265602 0.018336805890195096 0.03646259641248306
