0.0 0.5871724729511064 0.9290900886892557 0.13313452186628139 0.14181982262148873
0.0 0.42332484913698554 0.7905248410953398 0.18187165150406043 0.25356489921140013
0.0 0.4869520143450855 0.021887616315454925 0.06500556785837092 0.04377523263090985
0.0 0.10401700165317752 0.35832851421054984 0.08576367786766989 0.11192791227967902
0.0 0.28917518763837274 0.8710427493290736 0.12363670502327528 0.13233801603639905
0.0 0.8133145224873304 0.693369052146938 0.12257073016004139 0.15411006196076926
0.0 0.7025969220064032 0.8470742191185479 0.08014248118827161 0.08900932190118527
0.0 0.6266286871842215 0.2938225947586388 0.0985823821880536 0.15791431288216154
0.0 0.09198460895691564 0.5556388925031025 0.18396921791383128 0.21772056417343144
0.0 0.8101062996669441 0.9772717084972953 0.055946267744769296 0.04545658300540956
0.0 0.7919763192003242 0.806924637745239 0.06876836135344133 0.12117425508916346
0.0 0.3262917256081629 0.6916570029148619 0.1338950607225473 0.21004787666120828
0.0 0.4470749695846574 0.3826951526090647 0.06716195224904387 0.0896041478857672
0.0 0.47485758964489067 0.15686018980126476 0.033452193795762586 0.05873484283502098
0.0 0.9549375328592681 0.754104752785799 0.06539458464447234 0.08720362962185368
0.0 0.25471643494306373 0.5874641848059015 0.06345953622364306 0.11953020170218853
0.0 0.19757392312833993 0.6398409193806991 0.048800719342436016 0.058847169777384356
