0.0 0.047249189402798285 0.9737312749022828 0.09449837880559657 0.05253745019543443
0.0 0.40597573216113503 0.37321626483885595 0.17238580238281298 0.0676829690778305
0.0 0.25197495880810383 0.5665610434228807 0.30887031108469015 0.12561347674775325
0.0 0.4477071760581541 0.24577018772170542 0.1267874899820488 0.03915924719933256
0.0 0.8326386380062969 0.4266728032869772 0.08912663881878757 0.03169587396220214
0.0 0.15956627978439902 0.7761290306236719 0.14875624453228634 0.05650487737888399
0.0 0.2333964658117076 0.6793413624467384 0.07852778940875815 0.03209864531253037
0.0 0.6812610186838226 0.24391122331484555 0.13023208960469945 0.05407936529904875
0.0 0.7152744460654212 0.2979646836767792 0.14228439397874337 0.06010042606876881
0.0 0.3160799549404674 0.4465178320012647 0.07818602146737952 0.025708682644254743
0.0 0.22697851736164437 0.4485821573002078 0.07818595992201716 0.02570862668806645
0.0 0.27413775246496686 0.365410748044419 0.05263750632424921 0.019496947510121265
0.0 0.9374566448141787 0.1874827320850651 0.045007287374828175 0.025038233757092493
0.0 0.854336016679583 0.4859095155920264 0.06770959456209413 0.026393877466396987
0.0 0.8055102294547547 0.5006964365968114 0.04346767421525455 0.01796622534093667
0.0 0.2029714770492338 0.34541354068708324 0.09283740114835773 0.04129853314830545
0.0 0.8524011100774911 0.2763262576831983 0.21492914823097775 0.08650656726177364
0.0 0.7662984530681947 0.32829446753045616 0.08912381667139113 0.04019117713253406
