0.0 0.3617149889469147 0.5134450197219849 0.0910230278968811 0.11109495162963867
0.0 0.7998279929161072 0.455157995223999 0.03625798225402832 0.04653000831604004
0.0 0.6461470127105713 0.6867309808731079 0.0642549991607666 0.09974503517150879
0.0 0.3265250027179718 0.10691699385643005 0.06184297800064087 0.09901303052902222
0.0 0.2903220057487488 0.9232410192489624 0.06446897983551025 0.07391703128814697
0.0 0.1995529979467392 0.8618320226669312 0.0412139892578125 0.06590104103088379
0.0 0.7008810043334961 0.7553769946098328 0.029492974281311035 0.055137038230895996
0.0 0.2505039945244789 0.5307700037956238 0.08370201289653778 0.08020102977752686
0.0 0.9232469797134399 0.7821940183639526 0.06508004665374756 0.0780789852142334
0.0 0.5978279709815979 0.8444820046424866 0.040086984634399414 0.06146097183227539
0.0 0.2852819859981537 0.7920179963111877 0.06345397233963013 0.08253002166748047
0.0 0.6200349926948547 0.18101102113723755 0.04485499858856201 0.05395495891571045
0.0 0.5294340252876282 0.7484300136566162 0.07555103302001953 0.09464395046234131
0.0 0.7990880012512207 0.1911180019378662 0.05373203754425049 0.04174494743347168
0.0 0.41574200987815857 0.37258100509643555 0.03492999076843262 0.04192805290222168
0.0 0.07775100320577621 0.8780530095100403 0.04600900411605835 0.055899977684020996
0.0 0.8938500285148621 0.5677719712257385 0.024873018264770508 0.03179895877838135
0.0 0.5397430062294006 0.3968380093574524 0.05578899383544922 0.04128706455230713
0.0 0.8062700033187866 0.3611539900302887 0.042886972427368164 0.047679007053375244
0.0 0.6572120189666748 0.4585469961166382 0.0338059663772583 0.04641604423522949
0.0 0.0967170000076294 0.7055699825286865 0.04291899502277374 0.04850804805755615
0.0 0.4673449993133545 0.16775202751159668 0.10004401206970215 0.14262700080871582
0.0 0.6003469824790955 0.9539999961853027 0.03493297100067139 0.0629500150680542
0.0 0.5480359792709351 0.0836469829082489 0.039337992668151855 0.0661969780921936
0.0 0.2527480125427246 0.4489480257034302 0.08071500062942505 0.058058977127075195
0.0 0.25297701358795166 0.659434974193573 0.05873000621795654 0.060263991355895996
0.0 0.5866460204124451 0.6153140068054199 0.029649019241333008 0.04636502265930176
0.0 0.8016589879989624 0.788802981376648 0.03613102436065674 0.10630404949188232
0.0 0.9014739990234375 0.4956890046596527 0.025181055068969727 0.03975397348403931
0.0 0.29340699315071106 0.3160640001296997 0.039816975593566895 0.05786705017089844
0.0 0.7422890067100525 0.06592199206352234 0.04925704002380371 0.07110899686813354
0.0 0.751338005065918 0.8565700054168701 0.028512954711914062 0.02257096767425537
0.0 0.8632540106773376 0.19460299611091614 0.04117095470428467 0.10996800661087036
0.0 0.20201000571250916 0.248649001121521 0.030577003955841064 0.03873801231384277
0.0 0.14050599932670593 0.7259529829025269 0.03860500454902649 0.0238800048828125
0.0 0.5972489714622498 0.5629000067710876 0.03976905345916748 0.03314101696014404
0.0 0.1975799947977066 0.7842990159988403 0.019351989030838013 0.03453397750854492
0.0 0.8532630205154419 0.3106350302696228 0.020900964736938477 0.03664100170135498
0.0 0.4724150002002716 0.0416409969329834 0.028837978839874268 0.0747220516204834
0.0 0.7688019871711731 0.9643049836158752 0.02085697650909424 0.02543795108795166
0.0 0.9143530130386353 0.4294300079345703 0.04506802558898926 0.04262995719909668
0.0 0.07276199758052826 0.8005669713020325 0.03460599482059479 0.04223895072937012
0.0 0.5162349939346313 0.8280450105667114 0.04021596908569336 0.038954973220825195
0.0 0.8459450006484985 0.7075470089912415 0.03690505027770996 0.035935044288635254
0.0 0.18276800215244293 0.691008985042572 0.02310401201248169 0.05385100841522217
0.0 0.823544979095459 0.025632023811340332 0.032968997955322266 0.0486069917678833
0.0 0.3243280053138733 0.20499002933502197 0.026012003421783447 0.027235984802246094
0.0 0.4655280113220215 0.7573019862174988 0.020485997200012207 0.0217440128326416
0.0 0.5444269776344299 0.5975180268287659 0.03231096267700195 0.03447604179382324
0.0 0.08076900243759155 0.41233301162719727 0.022616997361183167 0.03841602802276611
0.0 0.176488995552063 0.27048900723457336 0.008884996175765991 0.03447598218917847
0.0 0.25040000677108765 0.17789599299430847 0.03554201126098633 0.05614703893661499
0.0 0.25807398557662964 0.2670409679412842 0.03473401069641113 0.09456300735473633
0.0 0.7952389717102051 0.6610519886016846 0.050889015197753906 0.03743100166320801
0.0 0.848147988319397 0.6241130232810974 0.1050100326538086 0.12706899642944336
0.0 0.7580819725990295 0.6044129729270935 0.04765796661376953 0.02659595012664795
0.0 0.7936229705810547 0.5453109741210938 0.0395810604095459 0.07190704345703125
0.0 0.9777939915657043 0.23207199573516846 0.04119598865509033 0.12706899642944336
0.0 0.9571959972381592 0.4369579553604126 0.04038798809051514 0.042356014251708984
0.0 0.9305400252342224 0.4975369870662689 0.024232983589172363 0.0315210223197937
0.0 0.23666801303625107 0.37293100357055664 0.058159008622169495 0.03841602802276611
0.0 0.47657498717308044 0.5861899852752686 0.017771005630493164 0.023640990257263184
0.0 0.612280011177063 0.5142830014228821 0.03231096267700195 0.031520962715148926
