0.0 0.8794822394102813 0.6187638854980468 0.08397785916924472 0.10328843593597414
0.0 0.5154724252223969 0.21725505948066712 0.07668930083513265 0.0939762353897095
0.0 0.4283723063766956 0.02122450351715088 0.16453275263309475 0.04244900703430176
0.0 0.16242133870720862 0.7216203784942627 0.07882725894451141 0.09219696521759035
0.0 0.4469502858817578 0.41722774267196655 0.07080558121204378 0.10829955339431763
0.0 0.7901624540239572 0.9057389336824417 0.17503311738371852 0.18852213263511652
0.0 0.06899107292294501 0.5298636233806611 0.05945618510246277 0.05062487125396731
0.0 0.6268213024735451 0.7672315573692321 0.056863842606544424 0.0783593416213989
0.0 0.9714387951791286 0.48836732864379884 0.057122409641742755 0.12046315670013424
0.0 0.180993380099535 0.05782828807830811 0.060785134732723234 0.11565657615661622
0.0 0.9821973490715027 0.30463772773742676 0.03560530185699462 0.10802146196365359
0.0 0.7174202761054038 0.7659408783912658 0.04609851926565167 0.0709210395812988
0.0 0.24224287524819374 0.1675344681739807 0.04255370348691939 0.04432597160339358
0.0 0.2218536525964737 0.9210903692245483 0.3421979978680611 0.1578192615509033
0.0 0.6269945766031741 0.12675641536712645 0.1028369489312172 0.17553234100341797
0.0 0.26972541108727455 0.5549467301368713 0.03368715107440945 0.07446863651275626
