0.0 0.011941975355148316 0.9223755849897861 0.02388395071029663 0.15524883002042766
0.0 0.024077093601226805 0.1920987206697464 0.04815418720245361 0.2178711926937103
0.0 0.8947938919067383 0.2651107904314995 0.2104122161865234 0.16370644956827163
0.0 0.6084190219640732 0.19557254865765572 0.16256423592567448 0.12220258474349976
0.0 0.49172498583793645 0.9019239309430123 0.40167635679245 0.19615213811397547
0.0 0.21378434896469117 0.9205151303112507 0.07476571798324586 0.15420622915029525
0.0 0.3843459665775299 0.10509455174207687 0.07943919897079466 0.19158751398324966
0.0 0.8212626874446869 0.03500077515840531 0.05607372522354126 0.06542181015014649
0.0 0.7445665836334228 0.8671752601861954 0.06793477535247805 0.059781971573829695
0.0 0.4157604813575745 0.4568478485941887 0.23097939491271974 0.08152022123336788
