0.0 0.5833492739151347 0.6898351633921358 0.1038700969173948 0.09059762160092977
0.0 0.21692240486282371 0.7400840430582044 0.06993251972483772 0.06355512267458208
0.0 0.09977804544323633 0.8706598386048854 0.06933516514007856 0.05319725847122503
0.0 0.23793139539996697 0.9253286425655085 0.051614707025210704 0.042390356956103825
0.0 0.4491563912862072 0.43111229080902136 0.09634850504093789 0.07461406315357022
0.0 0.8971287558875796 0.6132736543304436 0.14629972473917052 0.10001726378599074
0.0 0.9433530240119001 0.7329975605020513 0.08863105149623551 0.05969667927993927
0.0 0.261607907570499 0.8181348673087621 0.06222359629257984 0.03802851369582405
0.0 0.7581930222969291 0.31346359429518056 0.04595823750519534 0.042022805013109454
0.0 0.5596020299227369 0.7848329527306583 0.07646423431685223 0.0775451397399578
0.0 0.7185582779795047 0.652991673519989 0.04275200067442064 0.036023453721572785
0.0 0.13628547699003146 0.6870541829980781 0.0589256941654657 0.04124619795313078
0.0 0.6571632632310593 0.4340843329415159 0.04519046206929478 0.03332979617402676
0.0 0.6713480147329118 0.310541174332438 0.04339172190224372 0.036693127988058905
0.0 0.905559527780132 0.4808742731244319 0.04854016029492636 0.03811589931241732
0.0 0.9087013808099897 0.3184546961884093 0.04371418505266067 0.05101800471893625
0.0 0.7056394206497398 0.5441537210252381 0.04380043475128992 0.05650123092691828
0.0 0.38943379449124527 0.19352168494836008 0.07774667148497211 0.05912667803740787
0.0 0.3091729316242324 0.4809012736752424 0.0532191514400136 0.03744857626015141
0.0 0.3240060821827088 0.7441320647073703 0.06812833236998728 0.057280149632042754
0.0 0.44508981506723555 0.7758106163864263 0.0567200411435827 0.06194377169214693
0.0 0.6323661686451076 0.7857322786933896 0.054993727300212014 0.07534019897614053
0.0 0.3799808013383915 0.5321041232043228 0.08586532131845565 0.059446224847611306
0.0 0.5495390972033183 0.10172397929120283 0.04962778493328124 0.04274936403318548
0.0 0.10696414023459473 0.2785479453193902 0.02707924207132656 0.028655487591282003
0.0 0.9761413318597776 0.537573384980892 0.047717336280444944 0.0363534452376022
0.0 0.20755684160135668 0.4665101232699594 0.05541391750223021 0.03486744081114734
0.0 0.39376930432883506 0.9173616510231215 0.045928594381340726 0.0409665913283177
0.0 0.09464440315301237 0.7898818299936375 0.06385876377738463 0.062222046190805624
0.0 0.7815142826731576 0.774984717253385 0.10320474600949514 0.059716321304915554
0.0 0.3757465913165568 0.3059750628743829 0.10329716360299923 0.033169145332946515
0.0 0.39686064960062206 0.3936740054471609 0.04991929165915615 0.028282315812039882
0.0 0.9117639785078104 0.13927326711748556 0.14404850291329718 0.06460187825873254
0.0 0.1706803493687297 0.20557591869046216 0.026008383800072088 0.02439719082461947
0.0 0.8089618542497765 0.27211709570264897 0.03592766164082983 0.021846438692204984
0.0 0.1273823952218962 0.9958093955902454 0.04962653605206055 0.0083812088195091
0.0 0.9143021122376616 0.2637093178245713 0.10097476799974836 0.04005537524026981
0.0 0.3286866857052927 0.8215707762673513 0.03245140938896118 0.021063390369786994
0.0 0.584756793555737 0.23818508237611763 0.026432256661172215 0.021478099520987337
0.0 0.8202391147040726 0.029271844974912364 0.080275266334353 0.05349730787582126
0.0 0.8555880350419988 0.72998886509239 0.02717847740126511 0.024626314359984303
0.0 0.6501193150825472 0.23556072570331005 0.03207114270714739 0.02380211703921223
0.0 0.37793190562457807 0.876085055834557 0.02312429130044058 0.036006814544683574
0.0 0.5091828513292822 0.49016924655043076 0.03570202380848897 0.024386116786081158
0.0 0.38883999774312145 0.11067494669208111 0.04516310753044839 0.0378380341241501
0.0 0.6705580694769064 0.0817998151707387 0.06583771797048688 0.1084848101045925
0.0 0.5349543712724276 0.34138850071832094 0.03957996452461543 0.050875595051609546
0.0 0.10398150340747497 0.6271519888950985 0.02449204107613835 0.024317780556779467
0.0 0.308459112469326 0.9321930173261151 0.03831445286070129 0.0327922987390159
0.0 0.3741259292005025 0.5931516697839655 0.022014738608144513 0.02112263911316492
0.0 0.3110394753080502 0.5445153104010713 0.03519202030747759 0.029588806796955636
0.0 0.5563050952953739 0.4780794831170313 0.04169248328488184 0.03721675015148934
0.0 0.5982753421920735 0.4681558374441796 0.028889031378123597 0.027836463633494013
0.0 0.8045973039833139 0.8474084621765061 0.058807633925728964 0.04387512739564581
0.0 0.8942200309406465 0.7974133374080266 0.0249496689104588 0.018128775026479804
0.0 0.7568363779521653 0.6202059123144898 0.039959441665140094 0.02327316223591913
0.0 0.4506091797287354 0.26812748798052466 0.04473380969811486 0.042094059314473437
0.0 0.7099670744858592 0.19735747195070502 0.06658002270017382 0.07679283843280102
0.0 0.6480927063877067 0.20768346340951088 0.01719710914909911 0.018549031364332502
0.0 0.7176678647291018 0.13759238020899509 0.02629570562392125 0.03017367993061265
0.0 0.3088200451361267 0.3441904987878712 0.019595786061453235 0.019959207849658156
0.0 0.545719259454648 0.4333026017794325 0.034542532253320046 0.023767586520999084
0.0 0.5880208558762472 0.31392054342102815 0.05653608534337862 0.04513597887832643
0.0 0.5245688121392078 0.2661121916169841 0.10333096315424029 0.09796359141329491
0.0 0.48477152795328343 0.3064993568260296 0.04090586814258812 0.043306430975763865
0.0 0.12449458206320882 0.386159627970029 0.05279138704683739 0.031681830952635937
0.0 0.20094371523111432 0.3048157445222065 0.04059039572003287 0.0366283337383832
0.0 0.5202737581525034 0.52171991588144 0.03485797444134153 0.030445652701875048
0.0 0.9877967284624497 0.6085459237769959 0.024406543075100595 0.024731789083150435
