0.0 0.6591131427455676 0.5318181261279643 0.08230794081237802 0.07539102570020878
0.0 0.8120165893188271 0.8543933994600832 0.08040950749484199 0.07592118786346558
0.0 0.5805197319822162 0.4860670539171949 0.10342359431645809 0.09789669092494047
0.0 0.08502091019176683 0.4792269149420325 0.06704555881210172 0.07131443024374501
0.0 0.31356298960050033 0.5078028644390129 0.08938879470217054 0.09071229016363913
0.0 0.5417624266886212 0.9008480355340708 0.0702136940711573 0.07228466971929914
0.0 0.5982889749920711 0.21311740630809115 0.12056555143701475 0.1331335099185909
0.0 0.4638633009163989 0.8336360242910537 0.05152946190423591 0.056108179091881705
0.0 0.6132094509949825 0.920598178339763 0.06732283002856665 0.0729197677844502
0.0 0.7129973155405745 0.21973211729232123 0.06742745732902922 0.07597749594269057
0.0 0.7509549034373431 0.9403654649190344 0.05388601598930698 0.045734793229270876
0.0 0.3267731832271759 0.6316925511352818 0.04529006577954542 0.05094779834889385
0.0 0.3727961703032039 0.3458630323423285 0.03949572775769866 0.04047420066529295
0.0 0.5879864250729869 0.368149712758856 0.043061770801741006 0.04096622894574736
0.0 0.11842394287612965 0.8196553872434058 0.04473205412337905 0.04679671187839651
0.0 0.4807788456407266 0.1664659889856741 0.05142438937072463 0.04652059654387844
0.0 0.29432240678762356 0.22547874302771004 0.04706799699967801 0.04280169658813707
0.0 0.4873578173110761 0.3431558675139499 0.06247771275224373 0.0473768185429308
0.0 0.699325891080917 0.8265906377440828 0.049965882517980176 0.0484887726227744
0.0 0.8203819176364214 0.16931326706680316 0.04267336770192842 0.03645905311230216
0.0 0.08949580463191861 0.7291684897869446 0.03513801213880839 0.02888461253696961
0.0 0.3305691755939627 0.1107582309614335 0.05993756229990632 0.047714505403771715
0.0 0.6084831658503129 0.776326647996836 0.047630470131101665 0.05830637206383937
0.0 0.2637823787579897 0.2948303385709408 0.04397956823121171 0.040831059407418935
0.0 0.6192566134264486 0.6206224195020154 0.062397804277660396 0.05174427029522266
0.0 0.8218427812342821 0.10287235533884548 0.09598646616600992 0.07721282813797307
0.0 0.5347542461124174 0.784790572724234 0.06996189333919361 0.060873250590602224
0.0 0.2803513041743739 0.7133970802555538 0.047823141073191244 0.06126210511624208
0.0 0.5480178574737873 0.12767085875503206 0.048085165789185313 0.05735726655022312
0.0 0.3880265260311556 0.5958175018138596 0.05823107334387473 0.07537235714995938
0.0 0.6786706553588056 0.4783953029088702 0.07963833917050933 0.05465933727723277
0.0 0.33450002276001806 0.8760629432064041 0.03188715761552463 0.040818856062271314
0.0 0.24588359692644424 0.4595877304965956 0.042687521805137435 0.04817907502071472
0.0 0.7095733061076366 0.3598343952525215 0.06304463926307091 0.08305849948982275
0.0 0.26847023011154314 0.1720824965757084 0.027883296513503242 0.031511909965672574
0.0 0.2725951988765817 0.5351834435570177 0.03259707088193242 0.04344185882409268
0.0 0.7350102876740097 0.7038061659912933 0.04815364790317578 0.050969890067667056
0.0 0.41514749806983764 0.9235480977808335 0.05241023588355892 0.053580825131152365
0.0 0.1862825281271554 0.5240924740206687 0.04611538468535911 0.08584995443356785
0.0 0.187460856478434 0.33622440270227066 0.028534877464462816 0.02642519031473578
0.0 0.17231984918009502 0.40014875133456207 0.11658348462814774 0.09085243453291209
0.0 0.1701791576112352 0.0597899943153319 0.07714504985425547 0.1195799886306638
0.0 0.20232793118376718 0.2820471032139451 0.027693848579505104 0.030559200020326194
0.0 0.10376288218949889 0.20987482819571307 0.06755984104674052 0.06070723108347417
0.0 0.8606132430989062 0.5840755914569807 0.05628463799809258 0.04331984954389756
0.0 0.37885364768028396 0.4418856543934757 0.04195394954858911 0.028613682264201357
0.0 0.5576576978651566 0.708472023688077 0.05700293158610725 0.055309201362516935
0.0 0.6917777070497193 0.7027373701633652 0.04222392307196643 0.026968374342262957
0.0 0.8121154312689458 0.5106108492413951 0.027064435882988347 0.0289795119086933
0.0 0.4071968186243869 0.03714973360584032 0.09359344502950762 0.07429946721168064
0.0 0.2878835376057961 0.0850741366537966 0.06470619535174532 0.08871310063583093
0.0 0.25863088925465 0.38891507193548336 0.06611564952847584 0.08899652608111536
0.0 0.17968011034630485 0.22614523886249227 0.07498302729139406 0.05133844498466686
0.0 0.17713112245055085 0.2727493882655363 0.019734339638562692 0.01987176681537245
0.0 0.15330208798381156 0.3157678719253955 0.018605495613536416 0.014555658923614767
0.0 0.47669730762719986 0.49512765605013276 0.03467361522760393 0.026693212699564872
0.0 0.7846724933292635 0.36131683666281444 0.05385263008560637 0.07571635124293846
0.0 0.7541070184962178 0.295928325054127 0.04538853576954316 0.045387197861769146
0.0 0.6846989165080499 0.288899237860777 0.031432104442480235 0.02731326941007206
0.0 0.6790680801889633 0.26178379729335 0.018748253633343093 0.021582125123903173
0.0 0.6222379315389039 0.12459491956881988 0.039758179002359895 0.06970065268899443
0.0 0.36955796233127153 0.8837753435122324 0.03312802296406292 0.04164982460841293
0.0 0.18539119038922564 0.7528534736053847 0.031437249632726955 0.043218528098550535
0.0 0.03809900009733632 0.8185073941597951 0.03764339398934642 0.06291436162600994
0.0 0.3961573692342918 0.48170320998870003 0.05454897346449333 0.04722934243656496
0.0 0.34874701102481565 0.4299030430411455 0.030167140690011862 0.03723715598329913
0.0 0.7293191695697747 0.7742371789082808 0.02932136049867473 0.03643117654422756
0.0 0.17158802481180382 0.45282687667018734 0.04341390860105854 0.039265096628402274
