0.0 0.44117388570813887 0.930598004675413 0.09404540734577915 0.05911397465657808
0.0 0.12602097667089443 0.6348248749094616 0.10621346743703923 0.06758205257114913
0.0 0.7545875858827881 0.6878007712042817 0.09851435792662433 0.0666841748252156
0.0 0.6006523348387174 0.4553988263423414 0.07378477288697305 0.04517041160179219
0.0 0.5937221828449939 0.18384020278838115 0.141402277334557 0.08504119288555709
0.0 0.21056990290135885 0.041118680225283095 0.13698348917600425 0.07120698699872562
0.0 0.8626340337438116 0.1504834453828075 0.06138805905251743 0.04576088545342108
0.0 0.47943948887678545 0.31361493414472086 0.09730005077673565 0.06921390232778662
0.0 0.25487197642551485 0.8513808770219116 0.059377901969972474 0.057622796235742624
0.0 0.671466659395225 0.9047125806772347 0.029500058039963584 0.02093712419426197
0.0 0.8747396240122192 0.32601031551961357 0.09626626537973437 0.058945829139003425
0.0 0.38386306676149307 0.09383697817874787 0.09347276773133067 0.06312995178795873
0.0 0.4568089474052726 0.6205964144838454 0.053437216736284765 0.03675302605784336
0.0 0.32155100271864173 0.22021491755949246 0.06864193797286144 0.03968764006825104
0.0 0.007453033502263782 0.2382947293458504 0.014906067004527564 0.023225240782754036
0.0 0.06711686182662199 0.1306387219433045 0.0717933343402697 0.058223177971389206
0.0 0.2164079443816261 0.5834248125973162 0.1074874782163831 0.07376195358438675
0.0 0.265436858748652 0.35129988005157153 0.06718797925936681 0.05276498952751846
0.0 0.7564799731113641 0.7968277100842549 0.044529568398858355 0.024907911200685473
0.0 0.3203087055444708 0.15348078685375882 0.08164874551938833 0.046971624850077526
0.0 0.5184871324963485 0.8007547498700452 0.049230720663187566 0.026356828413640843
0.0 0.4711542974668723 0.41351145270544565 0.05260461953569856 0.03213560585294356
0.0 0.19826965898444268 0.24887232330978137 0.04330986231458439 0.03561395248330579
0.0 0.3889734318920352 0.6647686575283556 0.04627446109196176 0.02596074602135401
0.0 0.8953957482586685 0.21123114278987185 0.04569202950340023 0.02524695281588346
0.0 0.16492818132750603 0.4966373451331415 0.10636564956914407 0.05440371842171565
0.0 0.07135108467187519 0.08783755664105139 0.044907194645309574 0.02539962037542068
0.0 0.37875800068971976 0.5670659276080379 0.028598735091821703 0.024175867050059474
0.0 0.30809604731536255 0.025252972652450585 0.041410512863649385 0.034695276754053386
0.0 0.371927019060888 0.7810044408855574 0.022291372402478693 0.014588007490769495
0.0 0.0038800273177483765 0.4378116538582028 0.007760054635496753 0.023815895464939563
0.0 0.8589096043069533 0.8087610598087842 0.025864470070578238 0.018300717193778238
0.0 0.5067016676593127 0.909999569606706 0.027612540982077827 0.018561707566379315
0.0 0.2622240131998587 0.7150597236012897 0.022557734726850187 0.017531528412613517
0.0 0.6961293455272239 0.6274612168072691 0.04761722514322908 0.022873850260469508
0.0 0.7286067257901754 0.36686666978030136 0.04248946965466949 0.029136115926031214
0.0 0.8195752029603862 0.45445962970404685 0.02572622839912997 0.02002638599193035
0.0 0.2905009919638133 0.42348904659969966 0.04453029367273276 0.029524262107793964
0.0 0.31169439744467986 0.46256139061939505 0.026194568493536907 0.01879945564917823
0.0 0.5890179284750479 0.29653012872860485 0.08459360614572875 0.06214615933128764
0.0 0.37443929763144523 0.15577651825240874 0.023877736144726325 0.017700413618654404
0.0 0.325723553526287 0.1883092529098348 0.03214863914798055 0.0146679547914009
0.0 0.30480347322361856 0.12172321878866854 0.01971459558644395 0.014276613372884828
0.0 0.1436735272982841 0.5898766936803512 0.041276896711782265 0.030879102744407194
