0.0 0.5836889743804932 0.4413529932498932 0.05306899547576904 0.033353984355926514
0.0 0.34932801127433777 0.829010009765625 0.09373599290847778 0.041056036949157715
0.0 0.559050977230072 0.3467260003089905 0.04843497276306152 0.02613508701324463
0.0 0.8200860023498535 0.07490801811218262 0.055184006690979004 0.03300797939300537
0.0 0.6477500200271606 0.6774839758872986 0.06783199310302734 0.043367981910705566
0.0 0.4806419909000397 0.3548220098018646 0.03479897975921631 0.021480977535247803
0.0 0.47153300046920776 0.25822603702545166 0.029923975467681885 0.02376699447631836
0.0 0.32274800539016724 0.35261499881744385 0.05255699157714844 0.045289039611816406
0.0 0.34524598717689514 0.15573498606681824 0.05956798791885376 0.023415029048919678
0.0 0.24927299469709396 0.3806990385055542 0.05697299540042877 0.02565598487854004
0.0 0.5838090181350708 0.4973360002040863 0.033854007720947266 0.015662014484405518
0.0 0.15726299583911896 0.24558398127555847 0.03677099943161011 0.016966044902801514
0.0 0.5350630283355713 0.6670460104942322 0.05426597595214844 0.026126980781555176
0.0 0.6565719842910767 0.24740901589393616 0.046810030937194824 0.026562988758087158
0.0 0.9483399987220764 0.10087600350379944 0.05127298831939697 0.05763000249862671
0.0 0.12427200004458427 0.5796809792518616 0.03336600214242935 0.01894700527191162
0.0 0.28022098541259766 0.21516302227973938 0.032898008823394775 0.020605027675628662
0.0 0.2582870051264763 0.6390489935874939 0.04152698814868927 0.032086968421936035
0.0 0.3109549880027771 0.43970000743865967 0.031826019287109375 0.019722938537597656
0.0 0.5241010189056396 0.12540298700332642 0.04358100891113281 0.026340007781982422
0.0 0.18872299790382385 0.4534739851951599 0.034911006689071655 0.01775801181793213
0.0 0.37171998620033264 0.25108397006988525 0.03647500276565552 0.0251309871673584
0.0 0.516838014125824 0.2622870206832886 0.029934048652648926 0.016520977020263672
0.0 0.595088005065918 0.3036860227584839 0.029464006423950195 0.018903017044067383
0.0 0.47267699241638184 0.18195098638534546 0.027332007884979248 0.021250009536743164
0.0 0.6371669769287109 0.4146609902381897 0.03174996376037598 0.014281988143920898
0.0 0.43886300921440125 0.723488986492157 0.033271968364715576 0.019690990447998047
0.0 0.5538439750671387 0.6360139846801758 0.025475025177001953 0.01704096794128418
0.0 0.15898600220680237 0.8625980019569397 0.032422006130218506 0.01704096794128418
