0.0 0.3440847505708827 0.48006615858605417 0.10412450895866271 0.1277198664046098
0.0 0.7785540872051362 0.6119264530650683 0.04173288636665107 0.05318314152670467
0.0 0.6498995292922702 0.3516891075772888 0.07590184073467432 0.1117693313308416
0.0 0.262933155248025 0.8862479497856666 0.07339144311999926 0.11062668605902237
0.0 0.31831239098717556 0.05286526797532702 0.07321202178762293 0.08562744524825688
0.0 0.2200324403886774 0.10002541509931336 0.048900761810695026 0.07363960083863372
0.0 0.7127189408170829 0.29120745326378855 0.03589105155143246 0.060782731189374495
0.0 0.23408318038863682 0.4440310312712128 0.09327976518652797 0.0951916885344593
0.0 0.9395797161369764 0.3009697831391912 0.07429530189985445 0.08994722485196388
0.0 0.6190036284317594 0.18377649200053625 0.04726683048807567 0.06895222937360773
0.0 0.29847844988921457 0.18502631873644518 0.07315908495036128 0.09418833668022886
0.0 0.5667287996004061 0.8599130012888642 0.051222244415264795 0.06213681759314804
0.0 0.5393507309350504 0.2697655442627046 0.08669918522608328 0.10847586902285988
0.0 0.7481090545244362 0.8794157501760937 0.05878487904307439 0.051236407754387425
0.0 0.38262608853162633 0.6318115623778294 0.03987841576503437 0.04829824284548878
0.0 0.09924527593376238 0.06334972929187 0.052602700991566304 0.06429983819798508
0.0 0.8858684035175746 0.5134089988773223 0.02861523423896084 0.03636138322985433
0.0 0.5101799768262408 0.6278269488502652 0.06080399271193143 0.051113936108376556
0.0 0.7744650332812653 0.7082724796933229 0.04853519057821465 0.055448974479542446
0.0 0.6353711827640683 0.5847984855150431 0.03925174326882752 0.05266021621837047
0.0 0.09893588139008963 0.24131717161180308 0.04866067943298129 0.05629455170193237
0.0 0.41153227678321475 0.8479846570308931 0.11675229564663314 0.16117716426713624
0.0 0.6338583449969706 0.07319530272159111 0.04224604471088933 0.06960517010509129
0.0 0.48329928722949544 0.9466329014967004 0.047045584200864965 0.07362790452803769
0.0 0.22713849778094752 0.5273328263347912 0.0877822809150691 0.0722538332807886
0.0 0.2510453164148115 0.31403617969581343 0.06589915380828174 0.07083626235462387
0.0 0.5819697381115728 0.41418725832738235 0.03506142761639741 0.051917961686406555
0.0 0.8179267841276062 0.2740717166170107 0.04832867300267951 0.11374478369405133
0.0 0.8854349209761616 0.5877337752774805 0.02982012618668417 0.04447519748794926
0.0 0.2531205403928722 0.6687694004317326 0.046590763074482705 0.06526476732984787
0.0 0.6768499754479753 0.9783711452288859 0.05758309292214525 0.04325770954222807
0.0 0.7748939247746883 0.19702792199480204 0.031241373647265203 0.02761325604786441
0.0 0.813093655300025 0.8865436521170922 0.05381424414562008 0.11829560618669077
0.0 0.1535328595430817 0.7219124784865141 0.035137669535122845 0.04434193248100016
0.0 0.14530874751962153 0.2279331723960252 0.041547762246878644 0.030616618641585547
0.0 0.5867474735351964 0.4690718683421083 0.043761260275178904 0.04019631056296524
0.0 0.20932514261654778 0.17827959901288531 0.023365144459822657 0.0382161833254078
0.0 0.8160879198803845 0.7672820058329097 0.025161423324670085 0.04060904865281578
0.0 0.4024505877305144 0.9681910994302823 0.037434684998333356 0.06361780113943549
0.0 0.8045924093885846 0.09073671071722669 0.023856985209568804 0.02924712226798218
0.0 0.8909465184699173 0.6570288207314424 0.05016281608748652 0.050694018938946206
0.0 0.0855072079260952 0.14105525394635637 0.039587243388629234 0.0485595810871729
0.0 0.5350193171461657 0.18688063790064163 0.044865120760920085 0.04616317190043831
0.0 0.8533672685785021 0.36378435042910195 0.041192498429315716 0.04255233537863862
0.0 0.18392109543545432 0.27037101603433245 0.0293149572691766 0.05841788962430816
0.0 0.27175313762049247 0.7864831174978124 0.02924853265876859 0.03192589822745828
0.0 0.4760178079939853 0.2501566897980482 0.023068032755049983 0.025441576480004557
0.0 0.5374682627808255 0.42521005737619433 0.036403754909537955 0.04031036757200507
0.0 0.049897561327472126 0.5358719164008999 0.02708852547644961 0.04269317800122452
0.0 0.13029881964775852 0.6955371318557841 0.012822041623002697 0.036418498034695324
0.0 0.19428602580159443 0.8016618566503719 0.04209390860893503 0.06281130643404664
0.0 0.21203835760725112 0.7125856900910295 0.04560169916585988 0.10161280601513267
0.0 0.7970942178502798 0.40248450158505833 0.05543770168983031 0.046391719721637636
0.0 0.8461999620688705 0.448713115555271 0.12000131369937361 0.1462336893989139
0.0 0.7533192420803239 0.4537168189593005 0.050966408857050505 0.03487329754355656
0.0 0.7824485281286582 0.5195229252660696 0.0479325526472163 0.07945557726982366
0.0 0.9326097600035571 0.8675965159469732 0.05576302234395514 0.13563211704522204
0.0 0.9349211032341088 0.6565165987306925 0.045420844105471314 0.049638804081329146
0.0 0.9149020507900931 0.5906895962952705 0.027939681253215665 0.035973356106177135
0.0 0.202400944254172 0.601706858095777 0.0628668264847147 0.04859785321639565
0.0 0.46789096310725775 0.42541895227078325 0.020548369936444988 0.026913170694907174
0.0 0.5964098336329015 0.5208437770574339 0.03607136086116669 0.037315338949897026
