0.0 0.9266510009765625 0.3738749921321869 0.1466970443725586 0.1298009753227234
0.0 0.3589650094509125 0.2634119987487793 0.13415098190307617 0.06370699405670166
0.0 0.26034199446439743 0.9144909977912903 0.1405019909143448 0.06666398048400879
0.0 0.09300999715924263 0.7374569773674011 0.08385898917913437 0.03532302379608154
0.0 0.109825000166893 0.07662799954414368 0.20876100659370422 0.15325599908828735
0.0 0.6166300177574158 0.25765200704336166 0.15988194942474365 0.15380199253559113
0.0 0.1549140065908432 0.5642300248146057 0.09185799956321716 0.036753058433532715
0.0 0.07822500169277191 0.22877700626850128 0.05681200325489044 0.030544012784957886
0.0 0.2048959992825985 0.6436640024185181 0.20933599025011063 0.07483196258544922
0.0 0.8448140025138855 0.09930399805307388 0.07669198513031006 0.030754998326301575
0.0 0.6640920042991638 0.40828099846839905 0.12429702281951904 0.033397018909454346
0.0 0.20620200037956238 0.23361599445343018 0.07976400852203369 0.03315699100494385
0.0 0.9642177522182465 0.09535200148820877 0.07156449556350708 0.039746999740600586
0.0 0.6244840025901794 0.9050329923629761 0.06405997276306152 0.03229498863220215
0.0 0.8700169920921326 0.14710499346256256 0.0954200029373169 0.03684398531913757
0.0 0.15860899910330772 0.8108699917793274 0.17387599498033524 0.05411398410797119
0.0 0.9701970219612122 0.5863530039787292 0.05404996871948242 0.06332504749298096
