0.0 0.4462589919567108 0.22745099291205406 0.10290902853012085 0.22125399857759476
0.0 0.8435530066490173 0.38837099075317383 0.04581296443939209 0.12468200922012329
0.0 0.8818020224571228 0.7248589992523193 0.03428494930267334 0.11901795864105225
0.0 0.0746570024639368 0.8453879952430725 0.02705800160765648 0.10896897315979004
0.0 0.6431559920310974 0.34315699338912964 0.043202996253967285 0.12833398580551147
0.0 0.2508220076560974 0.18504199385643005 0.04844099283218384 0.10770201683044434
0.0 0.22175900638103485 0.6078609824180603 0.022361010313034058 0.0728609561920166
0.0 0.689395010471344 0.8459699749946594 0.033334970474243164 0.15554594993591309
0.0 0.5469539761543274 0.31873899698257446 0.024014949798583984 0.057231009006500244
0.0 0.12687500193715096 0.38343700766563416 0.052139006555080414 0.10190200805664062
0.0 0.1273770034313202 0.0979939978569746 0.02180999517440796 0.10960099473595619
0.0 0.28531500697135925 0.6643829941749573 0.05081301927566528 0.06154203414916992
0.0 0.07825200073421001 0.2894600108265877 0.049542997032403946 0.10527001321315765
0.0 0.11159799620509148 0.2530199885368347 0.03366399556398392 0.058302998542785645
0.0 0.0912730060517788 0.48380500078201294 0.07050300389528275 0.13766098022460938
0.0 0.14653199538588524 0.4546529948711395 0.043825991451740265 0.06316202878952026
0.0 0.6949949860572815 0.14694100990891457 0.02159595489501953 0.053445003926754
0.0 0.3405739963054657 0.16799500584602356 0.012703001499176025 0.059922993183135986
0.0 0.3523249924182892 0.10402300022542477 0.013338029384613037 0.09069399908185005
0.0 0.2684830129146576 0.06515400111675262 0.022230982780456543 0.058302998542785645
0.0 0.2649900019168854 0.14208200946450233 0.025407016277313232 0.07287900894880295
