0.0 0.3103289572925041 0.07733945619381233 0.3293326971439034 0.15467891238762466
0.0 0.6358586855407231 0.06176520789746065 0.24845339939612288 0.1235304157949213
0.0 0.19397536147265504 0.16467169327766454 0.09958353508337711 0.045862891681375306
0.0 0.22888002520648332 0.4194128508041133 0.22956129643069134 0.09333244580443784
0.0 0.962269486753943 0.25581294087625034 0.07546102649211395 0.072040334276116
0.0 0.36131013197664197 0.7387719625377571 0.2103961625694245 0.09938622228263971
0.0 0.639997152077099 0.5326453681483151 0.10957580248847698 0.046932533988973235
0.0 0.6666814191820383 0.625920209687847 0.21007662988680498 0.09603673530377144
0.0 0.5003536275845122 0.6974147711054983 0.08876818699542655 0.04154690871784583
0.0 0.18351869098803358 0.28553978669522 0.0983063923830508 0.08066363883421857
0.0 0.42694667797190683 0.8900520660139386 0.14190838466809452 0.0805235828024542
0.0 0.28314062899485837 0.24881996169708318 0.16801018084047897 0.08534164679911799
0.0 0.870145581699487 0.20445255308151578 0.0870434565789826 0.037682170514261454
0.0 0.42205735769089325 0.328335637130299 0.0849671620488372 0.04384473402074485
0.0 0.5810761240938553 0.2335898965337772 0.0823193952945801 0.049218228819158605
0.0 0.8527930167198627 0.9500884083009342 0.05182823112030144 0.02838120128857191
0.0 0.7383810365448893 0.1762065460738108 0.08650071388848035 0.046334779384695296
0.0 0.4349565415384694 0.2474431199467248 0.044719398905390284 0.024987851845014203
0.0 0.37747788060634624 0.29652334746368303 0.05973237092549322 0.028377954619370205
