0.0 0.5295839905738831 0.19658200442790985 0.1525130271911621 0.07582300901412964
0.0 0.8423919677734375 0.5537289977073669 0.2745339870452881 0.12794101238250732
0.0 0.2541080117225647 0.6721100211143494 0.17380905151367188 0.07330703735351562
0.0 0.6217510104179382 0.407925009727478 0.19128406047821045 0.07533198595046997
0.0 0.4862920045852661 0.5666279792785645 0.21323800086975098 0.12954699993133545
0.0 0.1137009859085083 0.47126899659633636 0.19246602058410645 0.12006297707557678
0.0 0.11308497190475464 0.314505010843277 0.21141695976257324 0.1032249927520752
0.0 0.7445409893989563 0.17521800100803375 0.12149202823638916 0.06450000405311584
0.0 0.15669399499893188 0.7944170236587524 0.0755389928817749 0.04917895793914795
0.0 0.8287689685821533 0.394214004278183 0.09035301208496094 0.03611499071121216
0.0 0.9699349999427795 0.28541800379753113 0.05765998363494873 0.0684959888458252
0.0 0.17616701126098633 0.03602299839258194 0.14225196838378906 0.0637499988079071
0.0 0.8173690140247345 0.9411129951477051 0.10153895616531372 0.055204033851623535
