0.0 0.6820049504257061 0.9048993418997948 0.11396373115092318 0.07446881878312239
0.0 0.4016950597752289 0.4066690944480724 0.1687966637164377 0.09489013352756326
0.0 0.5081130588817027 0.23806686097256174 0.1298782923133941 0.0743913603890646
0.0 0.6115796505138931 0.4674489427800077 0.11313497327428257 0.07415948241826115
0.0 0.1159061797103742 0.49681156598073956 0.07153929556862836 0.05037402375525801
0.0 0.6237129844282651 0.12103624640253378 0.1543715158361989 0.0801122287385159
0.0 0.9097916875398897 0.7202873106787376 0.060704826618179886 0.03944413926698509
0.0 0.2524348362298848 0.6499873690669334 0.10462595349398782 0.0578083693389313
0.0 0.8559604065306541 0.4053091996382465 0.07146789703919498 0.05296586468240222
0.0 0.9902991764597211 0.901801863843742 0.019401647080557805 0.03147581278616152
0.0 0.6403777075868238 0.2596165985027168 0.0913442753373408 0.05284253206850001
0.0 0.9855909564829715 0.7242448797411924 0.02881808703405697 0.03358389183001742
0.0 0.6155628009390206 0.6391734342337676 0.08366682618703336 0.04824035563229989
0.0 0.6898579403900084 0.3183367484547308 0.07938103614967718 0.043564116152515986
0.0 0.7155945023729329 0.5487960990832987 0.05661256785172142 0.035149252540867204
0.0 0.10974737255375591 0.6120702880838716 0.043653371768254956 0.03188482807681914
0.0 0.9298597200824301 0.63811244615013 0.0340872931527374 0.025474050904595646
0.0 0.520061851368412 0.151029972112535 0.050614591024835065 0.039788645159214237
0.0 0.8244224992809712 0.28933509768681503 0.04256422239202584 0.03534123963772007
0.0 0.4183415622926605 0.6195574185472859 0.04746362630846179 0.03828096189664654
