0.0 0.0890278983379662 0.30563396543274984 0.1780557966759324 0.09515437962316653
0.0 0.8083585660857215 0.6424624796227079 0.1036156885827072 0.06556720571362373
0.0 0.4226794624414295 0.2955732586665817 0.2461540404925579 0.11421680274358764
0.0 0.6654290362832782 0.8213864301703571 0.08164257411080678 0.053184483247603276
0.0 0.06561110440337889 0.6638285986938259 0.1051006352305739 0.05004835935077867
0.0 0.7111252652645731 0.4317863340274882 0.14324807517457372 0.051126810716283666
0.0 0.45099103997893947 0.9451341909126356 0.14886072217305013 0.05764867618317704
0.0 0.15621180274587212 0.5824270289280722 0.0884715896945414 0.06474958391164554
0.0 0.5063533351262881 0.6346817737468948 0.10293088462871774 0.06167036669511161
0.0 0.9601432605822351 0.48651919581698455 0.0797134788355297 0.09498937610925928
