0.0 0.2998560070991516 0.8991609811782837 0.1748560070991516 0.19488203525543213
0.0 0.6243469715118408 0.7515559792518616 0.11209094524383545 0.13691699504852295
0.0 0.3878749907016754 0.6980360150337219 0.15691500902175903 0.16219401359558105
0.0 0.17055000364780426 0.04640800133347511 0.06061398983001709 0.05259200185537338
0.0 0.7781879901885986 0.4405139982700348 0.11947500705718994 0.09730899333953857
0.0 0.711296021938324 0.6151559948921204 0.082008957862854 0.04727303981781006
0.0 0.8793290257453918 0.675482988357544 0.05615496635437012 0.03894805908203125
0.0 0.9749130010604858 0.7743269801139832 0.04765903949737549 0.03400301933288574
0.0 0.8519189953804016 0.8538950085639954 0.15719306468963623 0.1300870180130005
0.0 0.7962729930877686 0.5444350093603134 0.04671895503997803 0.09697797894477844
0.0 0.01936499960720539 0.9333450198173523 0.038008999079465866 0.08066904544830322
0.0 0.2454419955611229 0.6676380038261414 0.10432799160480499 0.14885997772216797
0.0 0.4316439926624298 0.20951300114393234 0.0778229832649231 0.11467601358890533
0.0 0.962211012840271 0.4285370111465454 0.07451200485229492 0.06954801082611084
0.0 0.9768980145454407 0.7027930021286011 0.044967055320739746 0.07717001438140869
0.0 0.015771999955177307 0.6949149966239929 0.031543001532554626 0.03682601451873779
0.0 0.25990501046180725 0.36791399121284485 0.08397901058197021 0.06820797920227051
0.0 0.21414700150489807 0.17952899634838104 0.04844999313354492 0.0682080090045929
0.0 0.1258610039949417 0.629921019077301 0.08290299773216248 0.12234199047088623
