0.0 0.3751257700403693 0.49341047264545046 0.12101709486207901 0.0858941996227765
0.0 0.3466068044235248 0.19545645897778569 0.06515555399725614 0.046634922887057256
0.0 0.2383779743106582 0.15069407159267237 0.09594108468121998 0.0694494234967362
0.0 0.1633588647038468 0.6777663460771112 0.08566258621809522 0.06867213224814206
0.0 0.5930297691947795 0.7627457208050616 0.0581455640657621 0.04078120331641355
0.0 0.42765661659447024 0.6266973327881022 0.07395164704133628 0.0463183462177128
0.0 0.6469889100771402 0.7133716793099323 0.0523164521870646 0.03658136295549852
0.0 0.5911588043367006 0.2394732005758813 0.06046044922314542 0.0472653761881105
0.0 0.05304704253608383 0.7558342915907137 0.10609408507216767 0.08361494137499825
0.0 0.6740144983656988 0.4293144100170695 0.05513963418088286 0.04305002141249842
0.0 0.2777026750824056 0.7075559910224678 0.14926389013113894 0.11744579083094542
0.0 0.42868463353297337 0.25317845336007827 0.06044169093411961 0.049011718583923475
0.0 0.6575975391048365 0.5306229293347633 0.115004330755611 0.08728120108931614
0.0 0.46655282484536653 0.13843825227137282 0.0888748319149888 0.06829826752607676
0.0 0.30925716091758526 0.7882424871682818 0.057277237599310804 0.046271849386649744
0.0 0.33144373955729745 0.5867651811543783 0.05059000541593672 0.036334670967690164
0.0 0.30780585882523337 0.43919577038046204 0.10229941000797277 0.07157657551459995
0.0 0.38573776429935647 0.7719643384692815 0.06243660564256032 0.0442996410703822
0.0 0.9429961478349914 0.32260204199838527 0.05574845010480334 0.04281869124743182
0.0 0.7477629923532711 0.3753853670780437 0.05545352481255428 0.04675410410024977
0.0 0.6974451997782217 0.1535191207139589 0.12957354703342916 0.10399910639702495
0.0 0.3735071992020438 0.37670897548617177 0.07486941665021912 0.04970610727574282
0.0 0.526141833223984 0.8469379253510143 0.06913569416954446 0.04545933373067057
0.0 0.9455435254651434 0.40019204397122743 0.038056937718292994 0.026141272037866703
0.0 0.5501779721424699 0.6493522505920258 0.04661005290973774 0.03574181544783528
0.0 0.03585891318620196 0.6978040715989045 0.04984019583363721 0.03466166444435015
0.0 0.7388144484831048 0.23224596126074115 0.04271638547590362 0.034744543799269556
0.0 0.3265365146056923 0.09431723905521973 0.06598483396758048 0.04269243186606819
0.0 0.2705873742685693 0.4767689553422896 0.09006655305017189 0.05406767878502389
0.0 0.5047548936348659 0.2611065500864689 0.08481950483618833 0.06017724391431531
0.0 0.6048423532107192 0.8112100557704988 0.036598454343047204 0.029344749548794846
0.0 0.7145334124756055 0.5838556581852421 0.05319680625766188 0.04213488596690007
0.0 0.323635473121889 0.9240195608154413 0.05849293340363165 0.036059593661176614
0.0 0.7871371525424832 0.5467206820674104 0.06684286865958566 0.06979967436614565
0.0 0.6827843209072866 0.9201613905857111 0.10304787048579744 0.09557817128510793
0.0 0.39420227774963446 0.2911586955694123 0.03190527065789972 0.025134287386237186
0.0 0.21476592783517365 0.6306202749909382 0.032720051077819556 0.02377344302683093
0.0 0.5318251927030815 0.16872326941752708 0.08064301660578382 0.06371850340691032
0.0 0.2034235474310032 0.5697171972908801 0.07777877240924796 0.06943146699408986
0.0 0.15357904042036868 0.8716114441116358 0.03884107558293948 0.02799915431362865
0.0 0.7315938354551259 0.6977093204953768 0.03099787135375731 0.02265989924500411
0.0 0.7681391955210356 0.10949088219183073 0.03817362132455204 0.029691809787203663
0.0 0.2296468636617301 0.7763051760228981 0.05041526976524502 0.047517408869074074
0.0 0.4612535238476083 0.3192223370522067 0.07183712972157702 0.052470836011234034
0.0 0.27662562164809884 0.28514311496706 0.06100919948460515 0.04839937966049196
0.0 0.07720154770218106 0.8467447178202807 0.03848568856198927 0.025092494134054122
0.0 0.3227020739162881 0.2969776192161705 0.052034466704849014 0.030700730564781953
0.0 0.9075027443436507 0.09190366640584155 0.038306156935610014 0.0338764630807835
0.0 0.13444241759075393 0.5564577477444612 0.0391671053768053 0.02983336594124064
0.0 0.14883269151137277 0.42786861412104726 0.03639460567300834 0.027977022102630922
0.0 0.06123166496699978 0.41288449072141736 0.028401125216901017 0.017592723509142205
0.0 0.5729021870299255 0.5691359466419663 0.0453067138627552 0.032014681771234454
0.0 0.5784451547474114 0.5930756435030038 0.0783673097557901 0.05970353366234915
0.0 0.6807378995472013 0.6387768807002345 0.08989888955553893 0.07845489117829785
0.0 0.6968307864969581 0.21793401686796698 0.036190344873726965 0.03057361330839331
0.0 0.306987638546981 0.22809466183596583 0.045340153021531604 0.036918894663066665
0.0 0.7893151302230772 0.4899222488647297 0.02894583620610569 0.021343164895046784
0.0 0.770176544187537 0.6076104331674899 0.07721129648825154 0.05306849421698667
0.0 0.7698342621294004 0.6514535479161185 0.14564555049163297 0.10036762088049533
0.0 0.7129425650721098 0.7430442570226381 0.05622446270683512 0.03720504810607539
0.0 0.7173614141986323 0.7857333235982894 0.07003365587357879 0.04297165426923799
0.0 0.7574449893736643 0.822936002582223 0.032516778592097006 0.02393871605223985
0.0 0.6746121233160218 0.9930329369782303 0.06666794749056504 0.013934126043539496
0.0 0.9311516190554255 0.24687929853188548 0.13769676188914892 0.10930009106595545
0.0 0.6035718999553112 0.44062852179425854 0.08438907743762569 0.07384015704966662
0.0 0.4505366134639971 0.944999159475514 0.07925383077138642 0.08047758090975654
0.0 0.42689947677589135 0.9033230745759016 0.11857181682890922 0.08191005602231527
0.0 0.5614403327691584 0.8753215688285225 0.09187278258460663 0.0853794622188856
0.0 0.8584199262513464 0.35938939970671036 0.031224884964937916 0.029709839806449256
