0.0 0.09749197959899902 0.7395449951291084 0.11031198501586914 0.09409399330615997
0.0 0.773157000541687 0.3035380244255066 0.06472897529602051 0.07570695877075195
0.0 0.4260709881782532 0.6739149987697601 0.057922959327697754 0.0388299822807312
0.0 0.6370419859886169 0.46615999937057495 0.046499013900756836 0.03181302547454834
0.0 0.3786360025405884 0.5781820118427277 0.05592203140258789 0.05579501390457153
0.0 0.4823879897594452 0.5453999936580658 0.10468405485153198 0.08740699291229248
0.0 0.2664859890937805 0.6326830089092255 0.07316195964813232 0.0473330020904541
0.0 0.22023701667785645 0.8962699957191944 0.09057998657226562 0.05298600345849991
0.0 0.25950801372528076 0.7069979906082153 0.04338407516479492 0.027513980865478516
0.0 0.41715502738952637 0.44240802526474 0.04331398010253906 0.06800401210784912
0.0 0.12127399444580078 0.27161502838134766 0.1325160264968872 0.1265699863433838
0.0 0.5116279721260071 0.22851800918579102 0.07511401176452637 0.09879302978515625
0.0 0.7571099996566772 0.09236001968383789 0.03339099884033203 0.02672600746154785
0.0 0.782293975353241 0.5827249884605408 0.044486045837402344 0.03471100330352783
0.0 0.7547810077667236 0.6354329884052277 0.035069942474365234 0.027415990829467773
0.0 0.8449249863624573 0.6087630093097687 0.031131982803344727 0.02704697847366333
0.0 0.07255399227142334 0.4771210104227066 0.096282958984375 0.08793297410011292
0.0 0.795295000076294 0.22013002634048462 0.02070605754852295 0.020449042320251465
0.0 0.45990800857543945 0.9476719982922077 0.02514791488647461 0.020052000880241394
0.0 0.8501759767532349 0.4120439887046814 0.04192698001861572 0.08831298351287842
0.0 0.7699040174484253 0.6710520088672638 0.042633056640625 0.03997397422790527
0.0 0.6942629814147949 0.8638879954814911 0.0738060474395752 0.06563800573348999
0.0 0.7903500199317932 0.8598569929599762 0.0738060474395752 0.036848992109298706
0.0 0.7242029905319214 0.17065900564193726 0.04177701473236084 0.04490995407104492
0.0 0.7186329960823059 0.05492901802062988 0.036206960678100586 0.06678903102874756
