0.0 0.5285269916057587 0.10281200334429741 0.10174602270126343 0.10486600548028946
0.0 0.3010140061378479 0.04359599947929382 0.08905196189880371 0.08615200221538544
0.0 0.13775497674942017 0.07814500108361244 0.1513880491256714 0.1281920000910759
0.0 0.3676459789276123 0.3792850077152252 0.13510096073150635 0.16414600610733032
0.0 0.7999600060284138 0.11711499467492104 0.16152099519968033 0.15353398770093918
0.0 0.20538902282714844 0.35034000873565674 0.13267004489898682 0.1515600085258484
0.0 0.6992160081863403 0.363088995218277 0.10474801063537598 0.08611500263214111
0.0 0.022339999675750732 0.22038300335407257 0.04467904567718506 0.13671597838401794
0.0 0.017841994762420654 0.5858020186424255 0.03568398952484131 0.06488800048828125
0.0 0.4442099928855896 0.2135079950094223 0.03466594219207764 0.034857988357543945
