0.0 0.028446630500257017 0.07425280794501304 0.056893261000514034 0.1485056158900261
0.0 0.4427014829963446 0.3754358445852995 0.16888050064444543 0.19800338402390483
0.0 0.19191156126558778 0.23315919011831285 0.08825454339385033 0.07738936662673951
0.0 0.38598604932427405 0.16601070858538153 0.08402262106537817 0.059156170561909666
0.0 0.8014450146257877 0.4697712944447994 0.07864894866943362 0.05682096704840656
0.0 0.6415951324999333 0.5018718568235636 0.06077287346124649 0.05120854869484903
0.0 0.947421890348196 0.2992762821167707 0.04889734089374542 0.04684975758194926
0.0 0.8611947065591812 0.3358041477948427 0.058725048601627416 0.058224029988050485
0.0 0.44250255584716797 0.856296059191227 0.10329252630472185 0.13961309224367136
0.0 0.8283543883264065 0.9110040187835693 0.029961295425891876 0.02891289234161376
0.0 0.9317599608004093 0.6138633552566171 0.062236301600933075 0.13370017819106583
0.0 0.8087084746360779 0.7727828276157379 0.08154023438692093 0.11334989309310917
0.0 0.005281748734414577 0.7298767897486687 0.010563497468829154 0.15613281726837158
0.0 0.714165981709957 0.9700317990034819 0.0753204211592674 0.05993640199303629
0.0 0.3519876169413328 0.53221157271415 0.06890984252095222 0.158653940781951
0.0 0.18612228989601137 0.10913524415344 0.05448776632547378 0.04006351098418237
