0.0 0.7309389091968449 0.7049759487366201 0.07805796822233724 0.09103679342505888
0.0 0.9745867016639194 0.5553089014285642 0.050826596672161384 0.10508940255365662
0.0 0.29793231878989196 0.17429158016953786 0.054540771881745664 0.06343671127870976
0.0 0.41795881184549166 0.12735859033225785 0.13109503199808964 0.16787839276925726
0.0 0.5778998522154337 0.38944865836113096 0.10982251375934793 0.1290517812754
0.0 0.2120336161883917 0.4531864346446086 0.04686669563707857 0.05597610585770535
0.0 0.7052917369133407 0.799785712009293 0.05378305843406539 0.0702090428161587
0.0 0.3858428231355457 0.610151233823772 0.09599416942536576 0.11986170399229679
0.0 0.8775348309393044 0.7519739009033144 0.056740357188215906 0.0659987122148592
0.0 0.5135640095462072 0.04677916533587997 0.07685362138527191 0.09355833067175993
0.0 0.4703911102182174 0.7182768608014868 0.050034582415405704 0.06453030296696949
0.0 0.6694582467885408 0.37291129456498495 0.09015381197151684 0.1042338519385188
0.0 0.19171244691997003 0.3710421188669062 0.05124911081863981 0.058459828271295255
0.0 0.8872854308422817 0.6132826138930305 0.05357750699892527 0.06407807830050205
0.0 0.7844399422711079 0.6344640894990241 0.05571443463749437 0.07529369663997454
0.0 0.5081920366224606 0.2779422139969937 0.044352926409957694 0.05295274799137689
0.0 0.18829965701500653 0.758786325827075 0.07661403603439443 0.0963579752663295
0.0 0.6935848575175916 0.4834042153105409 0.06863931319686578 0.07573069899624157
0.0 0.34691606924823193 0.9822163363148901 0.035284549170258195 0.035567327370219615
0.0 0.4152407444219158 0.3320523908624107 0.0626750498441706 0.0633463584753286
0.0 0.8078923875184446 0.7926478197962243 0.06771034601374182 0.07043231931146121
0.0 0.1518013581748288 0.23403933422954024 0.05887594442402293 0.0628117152450039
0.0 0.06187774963320127 0.6449101034589739 0.04456159790933596 0.05543190222863725
0.0 0.49479062427401915 0.6356658978487619 0.0765143357574577 0.10095342624056536
0.0 0.32834411284691584 0.4182455419869565 0.04410481171613201 0.053330530894513284
0.0 0.3279826828617539 0.08325305357643295 0.05329692653876217 0.0704796617613055
0.0 0.26064494526243753 0.9579861622898633 0.029166651279514816 0.03314610730219092
0.0 0.486257524861779 0.8225022574909249 0.051498297456076536 0.07166360519836745
0.0 0.6508089919478617 0.30849721086837284 0.08259515271787665 0.08154479242696078
0.0 0.8365504761273066 0.47432925441932483 0.05178327617330025 0.06378905225536252
0.0 0.702032440686555 0.6079424893740306 0.06650357194669343 0.08042543813543035
0.0 0.9846237768629972 0.6791772191547665 0.03075244627400564 0.064086914347661
0.0 0.5970547181325978 0.17703638366533347 0.08327805185774062 0.11739993000111451
0.0 0.29396917358769026 0.7252383956479698 0.059692115684463365 0.1032849393611831
0.0 0.3839760368400035 0.03019251824102119 0.04791300697586892 0.06038503648204238
0.0 0.36665570460579233 0.6704961688007443 0.039306015106159664 0.055149805312565414
0.0 0.03735586787052248 0.5238118561633818 0.07471173574104496 0.11430868049871035
0.0 0.3028430029339194 0.6195962606035368 0.04745585603941849 0.060768298858473124
0.0 0.13919404737470467 0.3401782012557414 0.031965040452134386 0.04194107831402938
0.0 0.1750521082117379 0.5559003604599964 0.029635746561502224 0.0342519347591862
0.0 0.17154122230071062 0.11355967862061576 0.0607447094896002 0.07491471586448503
0.0 0.5347918443608319 0.12768730006868073 0.03289136119746405 0.037732216780965264
0.0 0.8020682510608547 0.505999144378073 0.04144815975252958 0.038944553699622186
0.0 0.15324394430813104 0.4958033868356262 0.03184541923917708 0.04001631489687707
0.0 0.01893014557835539 0.30052525636370464 0.03786029115671078 0.15834548014384947
0.0 0.2102857561459892 0.6203317513614208 0.1201935765670504 0.12315939099024609
0.0 0.7683661338191532 0.5722626945566501 0.028168325487717305 0.03718116566667806
0.0 0.10082785955598958 0.25216143328780605 0.06295232550079201 0.09849685133510636
0.0 0.28097992825850504 0.5664563225108842 0.05353380630132987 0.056743336079992934
0.0 0.3946303047810822 0.4986857499676318 0.04427590414054011 0.045061316406808605
0.0 0.8765040393269358 0.11832490628687611 0.03088559146358505 0.03860896139874413
0.0 0.8774032532220137 0.5473997974651609 0.037856393529642984 0.050889581008869644
0.0 0.7750402892691173 0.2351514700201754 0.025247073900099615 0.028811534702193803
0.0 0.8323552460134422 0.17694644633036538 0.026606950552925834 0.02501336891568151
0.0 0.8506596001121108 0.28051014011551445 0.07769744747734197 0.07508507143490215
0.0 0.3738020800234705 0.4578560635663344 0.03745832950121225 0.04443711713055776
0.0 0.43779546777584377 0.929223695609139 0.03632509079656404 0.0533448276890669
0.0 0.23826375003653627 0.6722622465437944 0.0396365603834363 0.04815977708839447
0.0 0.10036076864299308 0.4607391733038516 0.07284398081707752 0.06818856181836175
0.0 0.3452117005087223 0.7730159380261215 0.02874650487705266 0.0295448749839603
0.0 0.6507694095684846 0.12102047069371907 0.031875791996466396 0.042940224907666066
0.0 0.6742759073498805 0.13514304158297497 0.020598226273915943 0.03240941849756117
0.0 0.7604252021770453 0.488876305176778 0.040571577685498905 0.053256059199082606
0.0 0.1295721037868252 0.5083458115315792 0.020962586707953007 0.027828469142879453
