0.0 0.6199849373264699 0.3873266265097596 0.14811037370525915 0.12253700739132556
0.0 0.40256874453207925 0.7889829846783072 0.060900215385250256 0.04971022456970575
0.0 0.3024335861469401 0.5647182131230765 0.12236805043816865 0.09492075417693457
0.0 0.9604375935409797 0.5174476058941793 0.07912481291804063 0.09254710221073315
0.0 0.3209585553167018 0.16380077181458377 0.10091829164682825 0.08490646088531652
0.0 0.4274011786742346 0.10960342388304961 0.0800953887290573 0.06164288750955364
0.0 0.21183248717873676 0.5849144530429724 0.06398237353499822 0.047262395013430214
0.0 0.673060739026051 0.28437100232215784 0.1178510927418096 0.10401010885779247
0.0 0.054358196813227476 0.7665045776538453 0.10476684503637158 0.08707809059892646
0.0 0.19997960430011108 0.46066412036629056 0.07570107746706231 0.05891553328879079
0.0 0.43365898695727767 0.21126362093819062 0.10749806084445596 0.08743042583698724
0.0 0.7408319649570367 0.7418547541548692 0.07232583543249849 0.06007224061618721
0.0 0.32177610812633045 0.43948461077997153 0.12496737745427444 0.1026689885964518
0.0 0.6236281016832448 0.8926102581719677 0.06751620256131274 0.0629226118101821
0.0 0.704862431029452 0.48964532834216307 0.05624856321455518 0.04674524006957814
0.0 0.48783251093042146 0.014424654891538586 0.07465189062957728 0.028849309783077173
0.0 0.2513675609341911 0.8257714177963421 0.04167678769678801 0.03405361633852233
0.0 0.6092753488194407 0.587234397453896 0.06838305779376752 0.0645195238376034
0.0 0.4771977117221994 0.831671757893585 0.06588676490030054 0.0558930609988072
0.0 0.48636412092251746 0.6643887747744185 0.05931560761753668 0.04754606532452854
0.0 0.6204247817835441 0.08243371317027204 0.06659889364128002 0.05624811672933271
0.0 0.8446561228370857 0.6151281981914163 0.17993540596366164 0.14278509537173723
0.0 0.10694538892637778 0.41959359327682433 0.07381457804352885 0.05504918305074785
0.0 0.8659144751532258 0.7180776776131863 0.07920314248985538 0.06013841917359353
0.0 0.7400613362197228 0.31862109513542114 0.09753668045420472 0.09268490192224882
0.0 0.5640568357454288 0.23569977151115556 0.08602501298029963 0.0745550981004991
0.0 0.39824541239730693 0.5414963156342478 0.056747990204156884 0.04393327376837153
0.0 0.12269054895108422 0.658812280322583 0.11076532077349734 0.07320468555795667
0.0 0.3069631908001434 0.8608252968045325 0.04851044277543792 0.037461194826067246
0.0 0.8263913495187639 0.4062352418026826 0.07253428791267091 0.05726297331665464
0.0 0.762731989690766 0.8929603789993319 0.08933218573201429 0.07065066898255068
0.0 0.09663572650287328 0.588561810543399 0.036177593682525155 0.0335553897686941
0.0 0.5817409956025262 0.9466895736849386 0.11688794327148178 0.07900730871153494
0.0 0.9382335330291791 0.353866873791003 0.050939165126177355 0.04172345320932691
0.0 0.5767963878878795 0.11222933011319344 0.04340136908114034 0.04279437486622607
0.0 0.4355978137981547 0.5713576974931973 0.05184616079656368 0.047457487835594336
0.0 0.49337974560729303 0.13851528117074008 0.040608391425974555 0.030362096225049456
0.0 0.4908629381166748 0.892234939687397 0.04330971532168143 0.032532842503300796
0.0 0.9469444300764808 0.6693099618920255 0.079948129724009 0.05443024516882622
0.0 0.00648739656081516 0.5611115762883879 0.01297479312163032 0.02807085050769187
0.0 0.3545008082876232 0.8981210210377608 0.06299300073108688 0.05578421686148549
0.0 0.5556037971489254 0.024217208360125735 0.056311523916990236 0.04658799692222106
0.0 0.2632737098319637 0.3966381575201913 0.05697528231289392 0.050139609369165505
0.0 0.16368134130080894 0.7291736778368189 0.05244098211689635 0.046085605731163604
0.0 0.5803221549657958 0.16255333021014556 0.05902712855610426 0.04123289058747473
0.0 0.7470389210504053 0.9776260294061604 0.06063779493651933 0.04474794118767922
0.0 0.9004136722149052 0.4768207670053415 0.038556181407618406 0.033236111020289616
0.0 0.35318083481605567 0.38075035113219224 0.03061097230482407 0.026291531355864428
0.0 0.43875869340451545 0.512035945354772 0.04843144760269441 0.0415390174122513
0.0 0.8751162632686942 0.18444706096094082 0.04583512210250473 0.03471686509308772
0.0 0.9354876586013323 0.32318592316600203 0.034202137013756295 0.02129309064711188
0.0 0.9668529215273995 0.4236276274425329 0.06629415694520102 0.05288911764215637
0.0 0.888812685872864 0.39505738847262584 0.10010691597762522 0.0673608930619441
0.0 0.23332826998702627 0.7037113959870671 0.06218493630899555 0.05876199332537657
0.0 0.23205372050585366 0.7640248761986193 0.16995286101451357 0.14093327732868333
0.0 0.3032208072854218 0.6939646344740111 0.051169483421114326 0.051690902065326116
0.0 0.33101342500500297 0.7480197611491871 0.08412164134126532 0.06260333957184949
0.0 0.4808618215837823 0.9939968443426774 0.13119131519044996 0.012006311314645024
0.0 0.32218765119866355 0.9321753786589679 0.05992139631847493 0.05163131472876248
0.0 0.28776405807186756 0.8852158742647895 0.04105580104586021 0.033390711661111516
0.0 0.8133420600085468 0.3347423263178701 0.06742383850166878 0.06543406604507607
0.0 0.48943771470022734 0.45786816161842747 0.030546805017337142 0.024694196375340816
0.0 0.46708807878729725 0.6035466611126509 0.04596242910099091 0.040372085577801586
