0.0 0.4793910086154938 0.7397570013999939 0.3590349555015564 0.21310299634933472
0.0 0.08176299929618835 0.13604700565338135 0.1635259985923767 0.07468104362487793
0.0 0.39757299423217773 0.1740400195121765 0.24415099620819092 0.10555398464202881
0.0 0.10925102233886719 0.7039600014686584 0.10083198547363281 0.048615992069244385
0.0 0.06070801615715027 0.9208920020610094 0.11624103784561157 0.058535996824502945
0.0 0.07523700594902039 0.5429849922657013 0.15047401189804077 0.07402598857879639
0.0 0.3064030110836029 0.036926984786987305 0.0641070008277893 0.041754961013793945
0.0 0.5663130283355713 0.38556599617004395 0.09705901145935059 0.09093403816223145
0.0 0.11607500910758972 0.621425986289978 0.07874900102615356 0.04232299327850342
0.0 0.9495790004730225 0.5092380046844482 0.09528601169586182 0.1591709852218628
0.0 0.2264309823513031 0.5441249907016754 0.08838397264480591 0.02979898452758789
0.0 0.044401973485946655 0.020928025245666504 0.06944400072097778 0.037821054458618164
