0.0 0.4771999716758728 0.707518994808197 0.0658789873123169 0.07193702459335327
0.0 0.17721998691558838 0.9280709996819496 0.06690001487731934 0.06975500285625458
0.0 0.5079830139875412 0.6195490062236786 0.08632299304008484 0.08966296911239624
0.0 0.41258901357650757 0.12450200319290161 0.0647510290145874 0.05631601810455322
0.0 0.4304569959640503 0.35821300745010376 0.08143901824951172 0.07608997821807861
0.0 0.07360297441482544 0.6686789989471436 0.0651240348815918 0.059530019760131836
0.0 0.7922309935092926 0.5795130133628845 0.12191599607467651 0.10014402866363525
0.0 0.12659001350402832 0.5768609941005707 0.05121898651123047 0.0429840087890625
0.0 0.06806999444961548 0.7440299987792969 0.06648600101470947 0.05624699592590332
0.0 0.8091430068016052 0.6951810121536255 0.06988599896430969 0.05565601587295532
0.0 0.07622402906417847 0.8854290023446083 0.039073944091796875 0.0479310005903244
0.0 0.3058369755744934 0.39757901430130005 0.04684603214263916 0.037402987480163574
0.0 0.6091650128364563 0.38296401500701904 0.03642398118972778 0.033529043197631836
0.0 0.6307379901409149 0.6020439863204956 0.03617197275161743 0.0372849702835083
0.0 0.06955498456954956 0.22978800535202026 0.042323946952819824 0.037753939628601074
0.0 0.8158950060606003 0.45258498191833496 0.040508002042770386 0.04507899284362793
0.0 0.7166909873485565 0.27932602167129517 0.03732502460479736 0.04120898246765137
0.0 0.6356289982795715 0.4965140223503113 0.038977980613708496 0.056874990463256836
0.0 0.18250501155853271 0.8099309951066971 0.04304003715515137 0.04304298758506775
0.0 0.8831679932773113 0.7914890050888062 0.031213007867336273 0.037901997566223145
0.0 0.15658998489379883 0.18182998895645142 0.024428963661193848 0.03147101402282715
0.0 0.8421089947223663 0.2911670207977295 0.03992798924446106 0.05404102802276611
0.0 0.2153949737548828 0.7088040113449097 0.05455803871154785 0.038246989250183105
0.0 0.6390889883041382 0.2635729908943176 0.035813987255096436 0.03831195831298828
0.0 0.37767601013183594 0.686599999666214 0.04388594627380371 0.0557820200920105
0.0 0.9517670013010502 0.778889998793602 0.06483899801969528 0.08635899424552917
0.0 0.1914539933204651 0.63714799284935 0.052404046058654785 0.0618860125541687
0.0 0.21225398778915405 0.3686180114746094 0.057824015617370605 0.03777503967285156
0.0 0.8696729987859726 0.5113599896430969 0.053393006324768066 0.03895902633666992
0.0 0.3553760051727295 0.45100897550582886 0.07127904891967773 0.045817017555236816
0.0 0.5361579954624176 0.7157010138034821 0.043268024921417236 0.07381701469421387
0.0 0.056236982345581055 0.4569680094718933 0.038522958755493164 0.02519404888153076
0.0 0.46602898836135864 0.28059399127960205 0.044332027435302734 0.0352170467376709
0.0 0.6644189953804016 0.7214060127735138 0.0788009762763977 0.049269020557403564
0.0 0.7662349939346313 0.24227797985076904 0.029004007577896118 0.022994041442871094
0.0 0.39384299516677856 0.3231940269470215 0.04129993915557861 0.02535998821258545
0.0 0.3160960078239441 0.8195060044527054 0.04622602462768555 0.04050499200820923
0.0 0.024096012115478516 0.5473510026931763 0.048190951347351074 0.044521987438201904
0.0 0.3874019980430603 0.23486602306365967 0.08573806285858154 0.030256986618041992
0.0 0.5807619988918304 0.19630002975463867 0.023162007331848145 0.024873018264770508
0.0 0.5119220167398453 0.1947389841079712 0.07547298073768616 0.10556495189666748
0.0 0.865848008543253 0.11968398094177246 0.12632299214601517 0.054136037826538086
0.0 0.6395260095596313 0.19964998960494995 0.02797996997833252 0.023007988929748535
0.0 0.693340003490448 0.08619600534439087 0.052758991718292236 0.059317946434020996
0.0 0.46513497829437256 0.9193010032176971 0.035830020904541016 0.05109000205993652
0.0 0.9718149993568659 0.07320600748062134 0.04791000112891197 0.02873098850250244
0.0 0.5117120146751404 0.409309983253479 0.022590994834899902 0.038928985595703125
0.0 0.2746390104293823 0.6438199877738953 0.04909205436706543 0.04910701513290405
0.0 0.3082579970359802 0.7762130051851273 0.02068805694580078 0.03960099816322327
0.0 0.5306270122528076 0.8554490059614182 0.026353001594543457 0.022689014673233032
0.0 0.9391029998660088 0.3508009910583496 0.07407400012016296 0.08197295665740967
0.0 0.8596870042383671 0.24321198463439941 0.08475799113512039 0.049769043922424316
0.0 0.5413109958171844 0.2783430218696594 0.0847579836845398 0.05123305320739746
0.0 0.6923080086708069 0.16526401042938232 0.04059797525405884 0.06953096389770508
0.0 0.643875002861023 0.1725829839706421 0.01780599355697632 0.016834020614624023
0.0 0.5947290062904358 0.15794497728347778 0.012108027935028076 0.016834020614624023
0.0 0.4772080183029175 0.5180410146713257 0.022079944610595703 0.03147202730178833
0.0 0.6784189939498901 0.79653100669384 0.0726500153541565 0.040986984968185425
0.0 0.7393159940838814 0.752250999212265 0.04059799015522003 0.038791000843048096
0.0 0.7321940064430237 0.6816219985485077 0.023504018783569336 0.02781200408935547
0.0 0.7589029967784882 0.6702769994735718 0.0199429988861084 0.015370011329650879
0.0 0.8881769999861717 0.584645003080368 0.06908799707889557 0.027079999446868896
0.0 0.05555599927902222 0.4935230165719986 0.03917396068572998 0.026348978281021118
0.0 0.15206599235534668 0.282368004322052 0.041311025619506836 0.02415299415588379
0.0 0.05413097143173218 0.14952802658081055 0.0619659423828125 0.02634894847869873
0.0 0.4743589758872986 0.43497002124786377 0.04059803485870361 0.04830598831176758
0.0 0.5178059935569763 0.3767840266227722 0.034900009632110596 0.02415299415588379
0.0 0.2425209879875183 0.8287349939346313 0.034188032150268555 0.023420989513397217
0.0 0.4576209783554077 0.2051529884338379 0.034188032150268555 0.03805899620056152
