0.0 0.7504873502254528 0.5445441073745427 0.1385711037749574 0.15959098991225995
0.0 0.10094478760958078 0.5514287902840065 0.09201075721458774 0.06174237489093082
0.0 0.14754475063107844 0.2343707025667969 0.10895736665077956 0.10591303615706221
0.0 0.8062538909100054 0.3490230928156406 0.15487884769739269 0.16546391799715154
0.0 0.6220925066566285 0.4687422092828764 0.032995555714990576 0.04473987664154644
0.0 0.7403890336240716 0.03704013342712468 0.07903166655162464 0.0490594732351849
0.0 0.597155046595869 0.41870677437285747 0.043832478356980786 0.0635807074564424
0.0 0.6356655236037494 0.37085505963959686 0.02069758418374945 0.027828294938848364
0.0 0.35793833628571625 0.5964215051681752 0.07093024058803454 0.036004107436849675
0.0 0.27626886938175854 0.6842523015530364 0.042493083600775916 0.028740182580261786
