0.0 0.474106028676033 0.45972898602485657 0.19892701506614685 0.181505024433136
0.0 0.7708060145378113 0.371737003326416 0.11686503887176514 0.0757330060005188
0.0 0.37898099422454834 0.6236580014228821 0.11592501401901245 0.07144200801849365
0.0 0.0830949991941452 0.7844240069389343 0.05077299475669861 0.04454600811004639
0.0 0.5536670088768005 0.5277289748191833 0.08971095085144043 0.046484947204589844
0.0 0.2772040143609047 0.35152798891067505 0.06335000693798065 0.08219099044799805
0.0 0.04411799646914005 0.4005880057811737 0.07644299790263176 0.06343597173690796
0.0 0.9665489792823792 0.44342800974845886 0.06367599964141846 0.06866097450256348
0.0 0.7216799855232239 0.6552670001983643 0.03839898109436035 0.05807697772979736
0.0 0.3756749927997589 0.2911219894886017 0.07069897651672363 0.09205001592636108
0.0 0.6707620024681091 0.26642298698425293 0.16725504398345947 0.06947499513626099
0.0 0.14600899815559387 0.6505330204963684 0.08084899187088013 0.05065000057220459
0.0 0.5571460127830505 0.7037270069122314 0.19186997413635254 0.05778002738952637
0.0 0.21867600083351135 0.38522499799728394 0.16075700521469116 0.12018799781799316
0.0 0.24881799519062042 0.6126090288162231 0.0791960060596466 0.08553898334503174
0.0 0.250591017305851 0.7885599732398987 0.22931401431560516 0.2382110357284546
0.0 0.37884199619293213 0.7349629998207092 0.10520100593566895 0.128851056098938
0.0 0.3634749948978424 0.11128300055861473 0.04373502731323242 0.053056009113788605
0.0 0.6873520016670227 0.14322500303387642 0.0342789888381958 0.04114600270986557
0.0 0.2665480151772499 0.17191800475120544 0.050827011466026306 0.027069002389907837
0.0 0.23049601167440414 0.2672030031681061 0.04491700232028961 0.03789699077606201
0.0 0.07624100521206856 0.6705380082130432 0.10047300904989243 0.07146298885345459
0.0 0.04255300015211105 0.865979015827179 0.02364099770784378 0.022737979888916016
0.0 0.6258869767189026 0.48051001131534576 0.09338104724884033 0.10503003001213074
