0.0 0.28924822525844707 0.6733120627343903 0.111936148097108 0.13708941163410537
0.0 0.6509622252630962 0.6864430957399728 0.10040638949999892 0.12435684903601274
0.0 0.6576629513556461 0.5386097385038606 0.06267473178998073 0.08319376997444256
0.0 0.5111370000290405 0.439002212701188 0.11653592745049868 0.13868935807146304
0.0 0.8436938010426844 0.7511285577104765 0.06067029390286993 0.08148582176042274
0.0 0.1393793630309498 0.22134754928401196 0.07590946538783411 0.08755694327253039
0.0 0.7545279440412802 0.825839956196899 0.08607253741925658 0.10417502326651784
0.0 0.15493587297425382 0.6323014793666712 0.11179364871500672 0.15248741212832762
0.0 0.03762345561441664 0.3269824208935128 0.07524691122883329 0.10172916684182082
0.0 0.291205206536595 0.25578701276603827 0.08365358162305889 0.09701113248876858
0.0 0.32971619200352187 0.08738907726194614 0.0763625397642233 0.11338681590510424
0.0 0.7558729510581421 0.1899118821746972 0.19047824916776113 0.2976659095087693
0.0 0.9118878973735216 0.49360632668580456 0.05317413516387637 0.06359822866726506
0.0 0.5724449524531833 0.3474126774005024 0.10637086503640081 0.16317560832067596
0.0 0.3350147862576952 0.27462236535443163 0.1602772443498527 0.1663872404425781
0.0 0.8544496330864166 0.6072226147303077 0.13678524447229534 0.14208965785381966
0.0 0.875970896880411 0.7142021667771843 0.04825418452708374 0.062122626423903426
