0.0 0.4413529932498932 0.41631102561950684 0.033353984355926514 0.05306899547576904
0.0 0.829010009765625 0.6506719887256622 0.041056036949157715 0.09373599290847778
0.0 0.3467260003089905 0.440949022769928 0.02613508701324463 0.04843497276306152
0.0 0.07490801811218262 0.17991399765014648 0.03300797939300537 0.055184006690979004
0.0 0.6774839758872986 0.35224997997283936 0.043367981910705566 0.06783199310302734
0.0 0.3548220098018646 0.5193580090999603 0.021480977535247803 0.03479897975921631
0.0 0.25822603702545166 0.5284669995307922 0.02376699447631836 0.029923975467681885
0.0 0.35261499881744385 0.6772519946098328 0.045289039611816406 0.05255699157714844
0.0 0.15573498606681824 0.6547540128231049 0.023415029048919678 0.05956798791885376
0.0 0.3806990385055542 0.750727005302906 0.02565598487854004 0.05697299540042877
0.0 0.4973360002040863 0.4161909818649292 0.015662014484405518 0.033854007720947266
0.0 0.24558398127555847 0.842737004160881 0.016966044902801514 0.03677099943161011
0.0 0.6670460104942322 0.4649369716644287 0.026126980781555176 0.05426597595214844
0.0 0.24740901589393616 0.34342801570892334 0.026562988758087158 0.046810030937194824
0.0 0.10087600350379944 0.051660001277923584 0.05763000249862671 0.05127298831939697
0.0 0.5796809792518616 0.8757279999554157 0.01894700527191162 0.03336600214242935
0.0 0.21516302227973938 0.7197790145874023 0.020605027675628662 0.032898008823394775
0.0 0.6390489935874939 0.7417129948735237 0.032086968421936035 0.04152698814868927
0.0 0.43970000743865967 0.6890450119972229 0.019722938537597656 0.031826019287109375
0.0 0.12540298700332642 0.47589898109436035 0.026340007781982422 0.04358100891113281
0.0 0.4534739851951599 0.8112770020961761 0.01775801181793213 0.034911006689071655
0.0 0.25108397006988525 0.6282800137996674 0.0251309871673584 0.03647500276565552
0.0 0.2622870206832886 0.483161985874176 0.016520977020263672 0.029934048652648926
0.0 0.3036860227584839 0.40491199493408203 0.018903017044067383 0.029464006423950195
0.0 0.18195098638534546 0.5273230075836182 0.021250009536743164 0.027332007884979248
0.0 0.4146609902381897 0.36283302307128906 0.014281988143920898 0.03174996376037598
0.0 0.723488986492157 0.5611369907855988 0.019690990447998047 0.033271968364715576
0.0 0.6360139846801758 0.44615602493286133 0.01704096794128418 0.025475025177001953
0.0 0.8625980019569397 0.8410139977931976 0.01704096794128418 0.032422006130218506
