0.0 0.29797500371932983 0.5921440124511719 0.2464200258255005 0.14176499843597412
0.0 0.8373870253562927 0.5915209949016571 0.24132096767425537 0.08842301368713379
0.0 0.338793009519577 0.14177000522613525 0.20224899053573608 0.12781298160552979
0.0 0.627892017364502 0.6886279881000519 0.22653603553771973 0.042430996894836426
0.0 0.7088549733161926 0.9496499998494983 0.1843780279159546 0.061667000874876976
0.0 0.7861350178718567 0.8010960072278976 0.07711398601531982 0.05388998985290527
0.0 0.8524420261383057 0.2948319911956787 0.23638403415679932 0.054815053939819336
0.0 0.21484097838401794 0.8475389927625656 0.09101396799087524 0.07503199577331543
0.0 0.11797800660133362 0.46764303743839264 0.2314099669456482 0.12103798985481262
0.0 0.10198500752449036 0.787211000919342 0.10403603315353394 0.04235300421714783
0.0 0.5677539706230164 0.8208840042352676 0.06972396373748779 0.03876301646232605
0.0 0.1340540051460266 0.6113390028476715 0.06535899639129639 0.03311997652053833
0.0 0.8074640035629272 0.08216202259063721 0.13146698474884033 0.13430500030517578
0.0 0.3187020421028137 0.7823850065469742 0.10814201831817627 0.0493600070476532
0.0 0.2466070055961609 0.9367789998650551 0.06573402881622314 0.06428299844264984
0.0 0.6388890147209167 0.575762003660202 0.08693802356719971 0.086093008518219
