0.0 0.8492310047149658 0.3567420244216919 0.0990220308303833 0.24337303638458252
0.0 0.37692201137542725 0.6516770124435425 0.080905020236969 0.13871502876281738
0.0 0.7200000286102295 0.23973697423934937 0.06692004203796387 0.12082195281982422
0.0 0.3057129979133606 0.36398500204086304 0.041562020778656006 0.0798560380935669
0.0 0.15099500119686127 0.04903298616409302 0.04365101456642151 0.055912017822265625
0.0 0.4002839922904968 0.18844002485275269 0.04302501678466797 0.10744595527648926
0.0 0.06947299838066101 0.36068302392959595 0.07040199637413025 0.18142497539520264
0.0 0.5553820133209229 0.27684497833251953 0.09099304676055908 0.11806297302246094
0.0 0.21528800576925278 0.8777119964361191 0.16027601063251495 0.19815799593925476
0.0 0.13391199707984924 0.5628370046615601 0.020076006650924683 0.05285501480102539
0.0 0.2701520025730133 0.05874699354171753 0.09543299674987793 0.10475599765777588
0.0 0.30993199348449707 0.5147730112075806 0.08303302526473999 0.11217200756072998
0.0 0.6881409883499146 0.9467829987406731 0.07847297191619873 0.10365299880504608
0.0 0.10071799904108047 0.5457369983196259 0.026173993945121765 0.03510802984237671
0.0 0.9671880006790161 0.6417160034179688 0.016837000846862793 0.03866899013519287
0.0 0.2779820039868355 0.5308999866247177 0.11020700633525848 0.14668402075767517
0.0 0.9863647520542145 0.3647570013999939 0.027270495891571045 0.18345201015472412
0.0 0.5556740164756775 0.779898002743721 0.08724105358123779 0.07209500670433044
