0.0 0.6901715493033644 0.16616563234668455 0.03604809925747354 0.05492471647277525
0.0 0.6346051015126225 0.508225118440421 0.040770197464838676 0.06532437950987546
0.0 0.18919729859535087 0.8938332356391949 0.04276383833916603 0.09192431119070299
0.0 0.5488850313574252 0.18678360597944604 0.030281448391650034 0.042666679762932286
0.0 0.6088215761191782 0.42684808804853736 0.028067612040954093 0.05383233507635582
0.0 0.45590985736323475 0.6355610488935932 0.02257286937150005 0.03251862648761372
0.0 0.37681088900746573 0.48895048823553927 0.025846692112303782 0.042284019373105663
0.0 0.6764519434675018 0.5486282787973327 0.023160227782554776 0.04511450455025179
0.0 0.6604211141171689 0.8557028318577371 0.027697359544491373 0.04028126875129723
0.0 0.40452797174597865 0.19147922572833415 0.014479249173809994 0.025325872137612393
0.0 0.40614380905130965 0.28574798566917825 0.01776738354474444 0.030310216648103572
0.0 0.4880220035654482 0.09434100426792576 0.015438761147915425 0.026414916101685282
0.0 0.6370279008447535 0.3124088113659321 0.019138087357393307 0.03298662657472401
0.0 0.4387354383580454 0.8459471076947137 0.02258071583663951 0.036831133534172666
0.0 0.45616012063460065 0.2872054204792999 0.023423022475747846 0.03882924116766573
0.0 0.9273301287555928 0.5793409569447356 0.02060244741092232 0.03112331693786896
0.0 0.7351894215458434 0.70849456351205 0.019308087769499327 0.03346211366746776
0.0 0.3257670271347033 0.6560595334885098 0.03973500529970253 0.07344606394435516
0.0 0.4860958744711774 0.560418684569427 0.05439200427229335 0.0896822163568487
0.0 0.5662533538406419 0.22032815063792494 0.01522749002059065 0.029444743658095657
