0.0 0.24932900071144104 0.09026497602462769 0.10229498147964478 0.13288402557373047
0.0 0.33590900897979736 0.7255230024456978 0.08733701705932617 0.14865697920322418
0.0 0.82499098777771 0.44058501720428467 0.10902905464172363 0.27111101150512695
0.0 0.2715449929237366 0.43224000930786133 0.04457199573516846 0.06713604927062988
0.0 0.5297350287437439 0.35093700885772705 0.08944201469421387 0.13294100761413574
0.0 0.7018340229988098 0.2967560291290283 0.07259297370910645 0.11839497089385986
0.0 0.3853920102119446 0.09139400720596313 0.04034799337387085 0.10669803619384766
0.0 0.03273700177669525 0.4047809839248657 0.06257300078868866 0.17228102684020996
0.0 0.27275199443101883 0.5628499984741211 0.08229200541973114 0.1068810224533081
0.0 0.37376299500465393 0.2539129853248596 0.0414310097694397 0.10587096214294434
0.0 0.12342800199985504 0.030157029628753662 0.0435200035572052 0.054762959480285645
0.0 0.1507209986448288 0.9255139976739883 0.19566300511360168 0.14704200625419617
0.0 0.9777050018310547 0.4549049735069275 0.044589996337890625 0.17287099361419678
0.0 0.08961399644613266 0.6264550089836121 0.02335900068283081 0.05838197469711304
0.0 0.05608299933373928 0.5945740044116974 0.026356998831033707 0.03949397802352905
0.0 0.20841799676418304 0.6082310080528259 0.04797399044036865 0.0809829831123352
0.0 0.5011480003595352 0.8392709940671921 0.11364302039146423 0.11026298999786377
0.0 0.9327849745750427 0.7520229890942574 0.017171025276184082 0.04302801191806793
0.0 0.039114998653531075 0.093936026096344 0.07116999849677086 0.12086498737335205
0.0 0.1475919932126999 0.4533500075340271 0.04476800560951233 0.11450397968292236
0.0 0.6830909848213196 0.5424090027809143 0.07805800437927246 0.11450397968292236
0.0 0.08617900311946869 0.8318489976227283 0.06198699772357941 0.09117899090051651
0.0 0.07699599862098694 0.4660729765892029 0.02984599769115448 0.08905899524688721
