0.0 0.7235270142555237 0.6060090065002441 0.049851059913635254 0.16720294952392578
0.0 0.6400730013847351 0.2753100097179413 0.06567394733428955 0.16263902187347412
0.0 0.2459079995751381 0.1371149979531765 0.046026989817619324 0.14821899682283401
0.0 0.05134800262749195 0.1016400046646595 0.09707900509238243 0.1770310029387474
0.0 0.45069000124931335 0.08931100182235241 0.03672599792480469 0.0891059972345829
0.0 0.5595679879188538 0.8774960041046143 0.07378697395324707 0.09929394721984863
0.0 0.1392109990119934 0.14132000505924225 0.020249992609024048 0.0497249960899353
0.0 0.9373949766159058 0.3933680057525635 0.023970961570739746 0.07127296924591064
0.0 0.43489599227905273 0.7482990026473999 0.05144798755645752 0.18235695362091064
0.0 0.451092004776001 0.4234749972820282 0.029217004776000977 0.08629399538040161
0.0 0.8086889982223511 0.44057101011276245 0.02667701244354248 0.08792197704315186
