0.0 0.7317330241203308 0.8987110033631325 0.08426594734191895 0.033765003085136414
0.0 0.9287790060043335 0.8438400030136108 0.05627799034118652 0.03111898899078369
0.0 0.2819199860095978 0.28449398279190063 0.04251497983932495 0.033274054527282715
0.0 0.42975500226020813 0.6534689962863922 0.0360720157623291 0.025897979736328125
0.0 0.498879998922348 0.39367300271987915 0.04569298028945923 0.024363994598388672
0.0 0.6203699707984924 0.5935199856758118 0.02669203281402588 0.02208799123764038
0.0 0.22655899822711945 0.4312739968299866 0.030716001987457275 0.02537095546722412
0.0 0.6467919945716858 0.8711930029094219 0.04694998264312744 0.026078008115291595
0.0 0.586480975151062 0.7298910021781921 0.035380005836486816 0.026453018188476562
0.0 0.19907400012016296 0.7725729942321777 0.02738499641418457 0.016436010599136353
0.0 0.5983819961547852 0.3831769824028015 0.04008603096008301 0.027760028839111328
0.0 0.9589970111846924 0.39771002531051636 0.03575098514556885 0.023568034172058105
0.0 0.35594499111175537 0.7372170090675354 0.02472299337387085 0.019016027450561523
0.0 0.1544719934463501 0.5806950032711029 0.02341601252555847 0.012118995189666748
0.0 0.1023780032992363 0.4862139821052551 0.024848997592926025 0.014837026596069336
0.0 0.10513000190258026 0.7442770004272461 0.026337996125221252 0.012704014778137207
0.0 0.2447109967470169 0.5954039990901947 0.024358004331588745 0.01589101552963257
0.0 0.7982680201530457 0.1381620168685913 0.043511033058166504 0.03372395038604736
0.0 0.6517660021781921 0.3507390022277832 0.03849494457244873 0.02302098274230957
0.0 0.3988820016384125 0.3564640283584595 0.02554100751876831 0.016340017318725586
0.0 0.8760740160942078 0.9608380012214184 0.022727012634277344 0.014193996787071228
0.0 0.24057699739933014 0.8143820017576218 0.0457099974155426 0.022482991218566895
0.0 0.2753390073776245 0.7410410046577454 0.027522027492523193 0.016631007194519043
0.0 0.27442800998687744 0.5448000133037567 0.0297660231590271 0.02059197425842285
0.0 0.8241270184516907 0.09293699264526367 0.022189021110534668 0.013962030410766602
0.0 0.5877169966697693 0.5629949867725372 0.03931295871734619 0.020255982875823975
0.0 0.2671220004558563 0.4172919988632202 0.03141099214553833 0.01724398136138916
0.0 0.8498589992523193 0.31286799907684326 0.02924501895904541 0.01660597324371338
0.0 0.29474198818206787 0.8324310034513474 0.015164017677307129 0.013411998748779297
0.0 0.5406180024147034 0.5491780042648315 0.0389939546585083 0.04342997074127197
0.0 0.3266949951648712 0.3042460083961487 0.03790998458862305 0.013411998748779297
0.0 0.14634999632835388 0.25698399543762207 0.021663010120391846 0.012135028839111328
