0.0 0.789262980222702 0.1129710003733635 0.21113604307174683 0.11335299909114838
0.0 0.9370280206203461 0.7830460071563721 0.1213880181312561 0.05171501636505127
0.0 0.3292750120162964 0.3937860131263733 0.15651798248291016 0.12823301553726196
0.0 0.20358097553253174 0.9547977447509766 0.281499981880188 0.09040451049804688
0.0 0.030606985092163086 0.6977710127830505 0.05582702159881592 0.060426950454711914
0.0 0.5028940141201019 0.1780419945716858 0.05111795663833618 0.02729099988937378
0.0 0.7624289989471436 0.5059840083122253 0.07393300533294678 0.03456997871398926
0.0 0.6103749871253967 0.08392799645662308 0.0625460147857666 0.05627000331878662
0.0 0.5119569897651672 0.7207509875297546 0.02759397029876709 0.04003798961639404
0.0 0.4622880220413208 0.6374279856681824 0.03495204448699951 0.029217004776000977
0.0 0.5275940001010895 0.6531190276145935 0.036791980266571045 0.021641969680786133
0.0 0.7198309898376465 0.6336410045623779 0.045989990234375 0.025971055030822754
