0.0 0.341250928429764 0.7531637988152118 0.14293068138142995 0.25631585353288655
0.0 0.8045734538318132 0.11009976095040594 0.06799539943999855 0.10196975469478071
0.0 0.2601043253745154 0.42054126447767193 0.05350982618095326 0.2193787230178732
0.0 0.8018316499346778 0.900578162697117 0.12549526812584455 0.19884367460576613
0.0 0.3607650016194761 0.22237322449774802 0.09501814241908263 0.2729815249707383
0.0 0.6516546210665729 0.25649995367747874 0.06658656146570618 0.2441779407109329
0.0 0.12548775329717074 0.4812005049604796 0.04088906444455215 0.07784490192550919
0.0 0.0900264835344225 0.8103621221141348 0.07954040314720257 0.09434616965449572
0.0 0.1543318206716526 0.2661875809665845 0.0526790970707694 0.07384793833673517
0.0 0.9476240007269171 0.14616935319011484 0.07788062435772569 0.09955684107884648
0.0 0.317679818256546 0.9075617525850912 0.034048815365455065 0.065260971849324
0.0 0.0226323376116923 0.31088596805327373 0.03689738417051453 0.1726674926407339
0.0 0.14507161531451465 0.9137808012128573 0.04261202382679091 0.10159531232990471
0.0 0.848021104256848 0.3137521375572109 0.13971720034565072 0.10454947569495904
0.0 0.15925416878823478 0.7176347856508503 0.04761873915051537 0.10566793617663306
0.0 0.46711050807190646 0.9068803590829548 0.12463265491781605 0.18623928183409044
0.0 0.3701721631603866 0.43105624111288376 0.09212986285912295 0.09452376327297257
