0.0 0.7202919721603394 0.7499309778213501 0.04892301559448242 0.06369602680206299
0.0 0.1548050045967102 0.45882199704647064 0.05739903450012207 0.11604097485542297
0.0 0.37681299448013306 0.8255239725112915 0.06500601768493652 0.08043098449707031
0.0 0.8515640199184418 0.4267430007457733 0.0643799901008606 0.06251901388168335
0.0 0.43290501832962036 0.34669598937034607 0.048426032066345215 0.05389201641082764
0.0 0.5185149908065796 0.18035900592803955 0.02987194061279297 0.04285401105880737
0.0 0.8585650026798248 0.7194629907608032 0.037818968296051025 0.05964696407318115
0.0 0.6401009857654572 0.7472820281982422 0.02215498685836792 0.04088795185089111
0.0 0.7030900120735168 0.25987397879362106 0.026594996452331543 0.04430098831653595
0.0 0.8107230067253113 0.3360860049724579 0.03702902793884277 0.06765401363372803
0.0 0.3937299847602844 0.6885510087013245 0.03593301773071289 0.061668992042541504
0.0 0.7240839600563049 0.4108070135116577 0.027572989463806152 0.03686898946762085
0.0 0.8465259969234467 0.6218039989471436 0.030849993228912354 0.04375302791595459
0.0 0.9840430021286011 0.6086980104446411 0.03012394905090332 0.03539001941680908
0.0 0.3098040223121643 0.5695949792861938 0.02833700180053711 0.038352012634277344
0.0 0.9817030131816864 0.6646950244903564 0.022113025188446045 0.03672301769256592
0.0 0.9215840101242065 0.7605800032615662 0.025138020515441895 0.035475969314575195
0.0 0.7600429952144623 0.8105490207672119 0.019318997859954834 0.03819000720977783
0.0 0.10578000545501709 0.2227260023355484 0.021685004234313965 0.023907005786895752
0.0 0.4163399934768677 0.3971630036830902 0.019816994667053223 0.03324097394943237
0.0 0.9487970173358917 0.43358901143074036 0.0332069993019104 0.059737980365753174
0.0 0.9929580092430115 0.4890679866075516 0.014065980911254883 0.033305972814559937
0.0 0.6319440007209778 0.44484999775886536 0.04166698455810547 0.027033984661102295
