0.0 0.21038080805113932 0.06098955074220014 0.16424812414898166 0.12197910148440028
0.0 0.5003774963349372 0.27004327624453367 0.09804431043707484 0.19300198212596645
0.0 0.5449385371330387 0.7400639211836071 0.11314234095400028 0.24008957264253294
0.0 0.10040489378033507 0.2442504544449663 0.14256697206604974 0.271818650776527
0.0 0.17176360208781805 0.6475560457753831 0.07877673111995478 0.13656010709676514
0.0 0.48098418546218014 0.6375582890494345 0.05380144806202275 0.11356756534319645
0.0 0.6467323156570818 0.6851533238098568 0.04944979902450286 0.10204320350581209
0.0 0.8069344649298611 0.8501315043910329 0.10219623404839873 0.21042042337139055
0.0 0.37487230030317287 0.16254618159558362 0.14221871959911947 0.2548619326314228
0.0 0.3752301398955976 0.3316634417816977 0.04858999001530623 0.0933228008023263
0.0 0.3287371384613148 0.005026451494520599 0.05201627324575664 0.010052902989041199
0.0 0.16837610264470104 0.5002931614540227 0.044876201380154274 0.09405430666936765
0.0 0.1856047480184289 0.37480287615933694 0.046854340664204436 0.07912575563410718
0.0 0.27191368079471845 0.31104589789620063 0.03522008428176143 0.0824752523956166
0.0 0.35591773914979186 0.2957203070737293 0.04220248809330868 0.07696750667026464
0.0 0.701202484069309 0.5097006537774078 0.04135938614383339 0.08742356326300638
0.0 0.872100511840795 0.6938904631996308 0.13249197729075302 0.1907477625769275
