0.0 0.2565593861788511 0.8384095296263695 0.1266648210585117 0.11040727078914636
0.0 0.7366540540754796 0.40481484681367874 0.12513733208179467 0.15305102467536924
0.0 0.42688746497035024 0.5063327504694461 0.06408830136060711 0.052589385807514155
0.0 0.23926206145435572 0.6568548360466957 0.07640477530658246 0.08534247815608986
0.0 0.2387217440456152 0.18815316699445248 0.09558922499418257 0.07060536161065101
0.0 0.2620270217582583 0.26548667304217816 0.04388987831771371 0.046263482719659826
0.0 0.1998527890816331 0.056481082066893576 0.045303063467144966 0.05312930136919022
0.0 0.9506104749441147 0.1796962394565344 0.04046923220157628 0.03737246647477152
0.0 0.01523526594042778 0.08926587548106908 0.03047053188085556 0.036672684624791146
0.0 0.8495271437615156 0.1146970146894455 0.03809903636574741 0.03151288956403733
0.0 0.14826240006834268 0.6730642545223235 0.06182810403406619 0.06485980391502377
