0.0 0.45081400871276855 0.7475079894065857 0.14844799041748047 0.13009297847747803
0.0 0.34885501861572266 0.08601800724864006 0.05168294906616211 0.09046200662851334
0.0 0.6835129857063293 0.10498500056564808 0.09597396850585938 0.10409700497984886
0.0 0.6611349880695343 0.7867569923400879 0.15223300457000732 0.14659404754638672
0.0 0.5104499906301498 0.609807014465332 0.04249200224876404 0.030354976654052734
0.0 0.9741240004077554 0.691540002822876 0.04017999954521656 0.07806801795959473
0.0 0.5585480034351349 0.5798839926719666 0.06084400415420532 0.039942026138305664
0.0 0.6136519908905029 0.6148329973220825 0.02640402317047119 0.01906299591064453
0.0 0.33985400199890137 0.35203298926353455 0.027552008628845215 0.07080596685409546
0.0 0.2371079921722412 0.27668800950050354 0.024108052253723145 0.04175698757171631
