0.0 0.7080480967404299 0.6130494193183386 0.2881034752801028 0.17266704113839215
0.0 0.351724348989783 0.5360960457108904 0.28512484885868566 0.15689327039060946
0.0 0.6360864667127895 0.40593760317094885 0.22271060862487813 0.11060134903605223
0.0 0.3085379019542501 0.13537044893321704 0.1952744079637138 0.10987438284600543
0.0 0.8113611375020078 0.18480557976386935 0.20521012075009126 0.10867887714982358
0.0 0.18027748577582245 0.2930223592760721 0.15459763184094993 0.063641925931269
0.0 0.59878489997332 0.13271405422466634 0.15991979518800803 0.08859786991693507
0.0 0.318035721581372 0.2291411045539176 0.10485723096850452 0.08459710886549293
0.0 0.5534881776241001 0.48358646636721925 0.10305765939865907 0.05089557480631107
0.0 0.41981278421794765 0.36376946072104077 0.1116789848761327 0.05143431391533837
0.0 0.3999994170841199 0.5898780568334159 0.08286335631442071 0.04199669006547335
0.0 0.9321245241903913 0.5195306733285356 0.13575095161921757 0.09179138762539008
0.0 0.0688585978975748 0.4572124214700395 0.1377171957951496 0.1093741230978269
