0.0 0.8292950093746185 0.6492840051651001 0.11719101667404175 0.08358502388000488
0.0 0.8558839857578278 0.7578510046005249 0.06363600492477417 0.05868399143218994
0.0 0.28807497024536133 0.46483901143074036 0.13810503482818604 0.11967402696609497
0.0 0.7314600050449371 0.1998409926891327 0.07362502813339233 0.0623989999294281
0.0 0.568886011838913 0.8371989727020264 0.056523025035858154 0.03470802307128906
0.0 0.07890397310256958 0.2037220001220703 0.06482696533203125 0.05066400766372681
0.0 0.9427299797534943 0.14069700241088867 0.0432010293006897 0.03528299927711487
0.0 0.9781909883022308 0.3407300114631653 0.040772974491119385 0.04120802879333496
0.0 0.7424629926681519 0.7788029909133911 0.03942000865936279 0.03372502326965332
0.0 0.9735269844532013 0.48159798979759216 0.04628700017929077 0.03864401578903198
0.0 0.24848997592926025 0.2734470069408417 0.0329289436340332 0.02504199743270874
0.0 0.8541750013828278 0.13606299459934235 0.05063503980636597 0.0741870105266571
0.0 0.6334620118141174 0.2490610033273697 0.027181029319763184 0.03524598479270935
0.0 0.693682998418808 0.4121539890766144 0.054480016231536865 0.032131969928741455
0.0 0.05314600467681885 0.08583199977874756 0.04651296138763428 0.03634899854660034
0.0 0.4178810119628906 0.639290988445282 0.0343780517578125 0.02725398540496826
0.0 0.7140339910984039 0.054055001586675644 0.06219702959060669 0.025266997516155243
0.0 0.09536898136138916 0.9256929755210876 0.1829010248184204 0.147102952003479
0.0 0.35335302352905273 0.6269109845161438 0.03388702869415283 0.04276299476623535
0.0 0.4056280255317688 0.7667620182037354 0.05225801467895508 0.07387697696685791
0.0 0.6720750331878662 0.35503000020980835 0.03290200233459473 0.039179980754852295
0.0 0.6230239868164062 0.574633002281189 0.043493032455444336 0.03572702407836914
0.0 0.3642079830169678 0.3276109993457794 0.028210043907165527 0.041131019592285156
0.0 0.45843297243118286 0.36190399527549744 0.03864896297454834 0.0316389799118042
0.0 0.176472008228302 0.7588040232658386 0.03332102298736572 0.05983996391296387
0.0 0.15932297706604004 0.5610190033912659 0.05328798294067383 0.02945399284362793
0.0 0.21437597274780273 0.5381190180778503 0.02487003803253174 0.020323991775512695
0.0 0.3493329882621765 0.90379798412323 0.027894020080566406 0.03858602046966553
0.0 0.14961397647857666 0.6421989798545837 0.03369104862213135 0.02905094623565674
0.0 0.09124600887298584 0.7833560109138489 0.0646979808807373 0.06538593769073486
0.0 0.8285149931907654 0.9856269955635071 0.02721107006072998 0.028679966926574707
0.0 0.5743969976902008 0.9387580156326294 0.02947300672531128 0.026319026947021484
0.0 0.6432879865169525 0.6524459719657898 0.05581897497177124 0.04970502853393555
0.0 0.1964539885520935 0.9889870285987854 0.06383705139160156 0.0220259428024292
0.0 0.1472579836845398 0.8413190245628357 0.031921982765197754 0.027125954627990723
0.0 0.5050019919872284 0.6561970114707947 0.04975098371505737 0.04689300060272217
0.0 0.5952489972114563 0.2034599930047989 0.022128939628601074 0.021804988384246826
0.0 0.39198797941207886 0.04730499908328056 0.03396105766296387 0.019565999507904053
0.0 0.09040498733520508 0.6850079894065857 0.05997800827026367 0.017979979515075684
0.0 0.07802200317382812 0.15255600214004517 0.02141702175140381 0.014681011438369751
0.0 0.8348109722137451 0.21603399515151978 0.0395359992980957 0.017603009939193726
0.0 0.18798702955245972 0.3299640119075775 0.030212998390197754 0.029331982135772705
0.0 0.23452502489089966 0.013996999710798264 0.03172802925109863 0.01848600059747696
0.0 0.13578099012374878 0.012940000277012587 0.03496503829956055 0.021655001677572727
0.0 0.10405302047729492 0.0464790016412735 0.02848994731903076 0.033803001046180725
0.0 0.5577119886875153 0.49534401297569275 0.0735669732093811 0.03724700212478638
0.0 0.7707630097866058 0.06704500317573547 0.035540997982025146 0.045774996280670166
0.0 0.45791202783584595 0.9096860289573669 0.10007500648498535 0.10604500770568848
0.0 0.5594539642333984 0.5536649823188782 0.036062002182006836 0.01987600326538086
0.0 0.849903017282486 0.4741609990596771 0.01851898431777954 0.015106022357940674
0.0 0.12085801362991333 0.5743359923362732 0.024366021156311035 0.04054701328277588
0.0 0.28996098041534424 0.6093180179595947 0.04093599319458008 0.06598794460296631
0.0 0.16471701860427856 0.3437750041484833 0.026316046714782715 0.029416024684906006
0.0 0.5696879923343658 0.749642014503479 0.11111098527908325 0.03975200653076172
0.0 0.4754899740219116 0.9672120213508606 0.10021805763244629 0.05953395366668701
0.0 0.36819201707839966 0.9556599855422974 0.08823502063751221 0.03287696838378906
0.0 0.5653589963912964 0.9032340049743652 0.04684102535247803 0.022214055061340332
0.0 0.21949899196624756 0.043540000915527344 0.06318104267120361 0.02843400090932846
0.0 0.10784298181533813 0.08796899765729904 0.07080602645874023 0.062199994921684265
0.0 0.19117599725723267 0.09863200038671494 0.034857988357543945 0.04265199601650238
0.0 0.22821402549743652 0.1079619973897934 0.03268003463745117 0.03465399146080017
