0.0 0.10496477007865906 0.499222277700901 0.09958874464035034 0.11758457422256469
0.0 0.6057048544287682 0.06840017646551132 0.14448862493038173 0.1106107160449028
0.0 0.6554301768541336 0.9700918669998646 0.053408373594284075 0.05981626600027079
0.0 0.46402819514274596 0.368237661421299 0.04695733308792116 0.05990750640630721
0.0 0.2876012098789215 0.5389287589490414 0.07972280263900758 0.06855939775705333
0.0 0.7645579499006272 0.5969614649564028 0.06182643175125124 0.09034307673573494
0.0 0.9784155085682869 0.7467373276501894 0.043168982863426186 0.04793295040726653
0.0 0.6887370514869691 0.5639811678230763 0.04290186643600469 0.039731934666633606
0.0 0.8937550553679466 0.6522969602048397 0.0499192792177201 0.040332029759883925
0.0 0.8372502887248993 0.8366597133129835 0.03398645043373105 0.03167058154940605
0.0 0.9149501457810403 0.003991516977548599 0.028176825642585723 0.007983033955097198
0.0 0.2598361301422119 0.6286812974512577 0.060109227895736694 0.056010200083255746
