0.0 0.4078559875488281 0.7020249888300896 0.14176499843597412 0.2464200109243393
0.0 0.4084790050983429 0.16261297464370728 0.08842301368713379 0.24132096767425537
0.0 0.8582299947738647 0.661206990480423 0.12781298160552979 0.20224899053573608
0.0 0.3113720118999481 0.37210798263549805 0.042430996894836426 0.22653603553771973
0.0 0.05035000015050173 0.2911450266838074 0.061667000874876976 0.1843780279159546
0.0 0.19890399277210236 0.2138649821281433 0.05388998985290527 0.07711398601531982
0.0 0.7051680088043213 0.14755797386169434 0.054815053939819336 0.23638403415679932
0.0 0.1524610072374344 0.7851590067148209 0.07503199577331543 0.09101399779319763
0.0 0.5323569625616074 0.8820220045745373 0.12103798985481262 0.23140998929738998
0.0 0.21278899908065796 0.8980150036513805 0.04235300421714783 0.10403599590063095
0.0 0.17911599576473236 0.43224602937698364 0.03876301646232605 0.06972396373748779
0.0 0.3886609971523285 0.8659459948539734 0.03311997652053833 0.06535899639129639
0.0 0.9178379774093628 0.19253599643707275 0.13430500030517578 0.13146698474884033
0.0 0.21761499345302582 0.6812979876995087 0.0493600070476532 0.10814201831817627
0.0 0.06322100013494492 0.7533929869532585 0.06428299844264984 0.06573401391506195
0.0 0.424237996339798 0.36111098527908325 0.086093008518219 0.08693802356719971
