0.0 0.19102161318497135 0.9611011383868375 0.04925930352114136 0.07779772322632506
0.0 0.665105493823533 0.17842431773381195 0.03991770582108767 0.05957277295251115
0.0 0.3542652060524695 0.5426062407888778 0.031703484972632034 0.04909794957636615
0.0 0.6099951223650737 0.44484543405094823 0.03232807212355837 0.05695936051105549
0.0 0.4504508694515462 0.680034377059124 0.02617248360606339 0.0381439319281307
0.0 0.5171520930933038 0.2187210406297423 0.030074598770149952 0.04386524575689127
0.0 0.19847201179542256 0.876397276089991 0.03418573055836946 0.059173447752266406
0.0 0.3167241163276945 0.7335450505222625 0.03207111942116114 0.048808221682916986
0.0 0.19467283867388457 0.40515578716874295 0.021076523889283744 0.035274357991387006
0.0 0.6409101466087994 0.5294784779438759 0.03428527212486654 0.05392915864360848
0.0 0.7041796594534144 0.868801263390051 0.02947362397805975 0.04735929675155126
0.0 0.2608611393406007 0.5269235128240546 0.022903481821005878 0.03443569280489689
0.0 0.3631886852650905 0.24533470630923115 0.016226803059804784 0.02896228278843682
0.0 0.4397529794589671 0.1390386845074627 0.019053363169248827 0.03196006982028202
0.0 0.2009288346263864 0.30156210613154344 0.017391441800451324 0.03200144886319772
0.0 0.3687490418670175 0.3371105990897361 0.019926666988204167 0.032163823185449525
0.0 0.9107581652748564 0.5606551339324806 0.040547079211627146 0.0607640683234153
0.0 0.6823655376694966 0.5582645599696356 0.02955012927306977 0.04953349839402332
0.0 0.6232313436581487 0.33018030639723606 0.02059500073646403 0.033525804555309624
0.0 0.16471920172951576 0.4690934057916867 0.03058665210451239 0.05580869929187249
0.0 0.2401576407582882 0.45546187883763267 0.021286591098551744 0.0355207747946788
0.0 0.4220201716615232 0.3329552773003823 0.025438858548553434 0.04003205968954532
0.0 0.9582180052620863 0.5563010222194149 0.01767547245024581 0.02898110454402769
0.0 0.4718197305029851 0.631199346352102 0.027159090753417103 0.04856843526565735
0.0 0.5387567461930725 0.24720645025784943 0.022682972819317415 0.03946299755548874
0.0 0.7596606205919865 0.7162310100055327 0.0216300823476695 0.03708345978903038
0.0 0.15950310108338883 0.5298974795994613 0.015670019712199695 0.022205393396326323
0.0 0.47461361103691035 0.5794914157935807 0.04859013537959228 0.06264443375238704
0.0 0.6563109340361803 0.2316833601326631 0.020511194847398162 0.0430399889852707
0.0 0.6617727608505948 0.03718986301033655 0.01586857463610125 0.0273665283986034
