0.0 0.4412178476432508 0.5146106477124155 0.20780332172074673 0.2271157821021857
0.0 0.3963125723125701 0.8223540333362946 0.09151536350907424 0.12818339206142781
0.0 0.5898713437179663 0.3929195777786969 0.08713707371467583 0.12652773895066421
0.0 0.7068825831543691 0.07363296451078263 0.051277409633009086 0.057665717412544344
0.0 0.5197853173592568 0.581593216836427 0.05872567320908517 0.09642273879842911
0.0 0.30621678329160723 0.33864391057050525 0.09030327257274817 0.07646474743533688
0.0 0.32164418725390437 0.1002866279279754 0.07360976600326419 0.08620438893155888
0.0 0.495032191449695 0.9830627817079949 0.07696525269817078 0.033874436584010126
0.0 0.6698121802044945 0.7257685473028184 0.06290523244150914 0.04774931896733625
0.0 0.26044672059970153 0.446073747520311 0.10109987440509058 0.08539012209276453
0.0 0.2779237689457439 0.7414872237604619 0.09248144116735055 0.17685187093437726
0.0 0.583368840324942 0.15843862647556106 0.06158724499656343 0.08838344810995533
0.0 0.6943822148413071 0.5551674478850557 0.0844083752481426 0.19916036193369913
0.0 0.33123841653783764 0.2751653601518064 0.14172544670569465 0.17904271128036295
0.0 0.5604548040821178 0.2663354963789118 0.0958657609127539 0.0926712804611366
0.0 0.7347628237478814 0.23823405067142356 0.2682144379414063 0.2667254210915577
0.0 0.6999580069654173 0.3738987781820249 0.14240481128212612 0.12568391452411554
0.0 0.08081161856233407 0.46454435985491127 0.05869619053346671 0.05216365406067164
0.0 0.1584086628750453 0.7787613356845753 0.045571432857553135 0.04081082371324429
0.0 0.12702751241247567 0.3585994815432371 0.033996275647642266 0.054753923681740146
0.0 0.21616609538215528 0.30685378011066844 0.04386828214290933 0.05075831071881132
0.0 0.5932495206715731 0.08619018981611323 0.08496322808582868 0.11128154333430294
0.0 0.7818013371952447 0.019785479535033852 0.025850763747844674 0.027189078986045407
0.0 0.4833319582984287 0.6608785326576004 0.11716155986797666 0.1099773350011648
