0.0 0.5980959547272229 0.7414022697649096 0.15580286272242272 0.25039876238484027
0.0 0.61426802495203 0.3690950627308962 0.13908135595174798 0.252556013372794
0.0 0.43163652480059944 0.5196341676082715 0.09573010638414386 0.20132480353428955
0.0 0.2694611917974454 0.05528485822831129 0.09786978469392818 0.11056971645662259
0.0 0.19422892530603508 0.5046109553617067 0.0955191415959051 0.1832083488807726
0.0 0.4394980463036743 0.05220334476638776 0.052265345921999495 0.10440668953277552
0.0 0.1983993459264717 0.2777687578728786 0.07865572759819955 0.1414490890735754
0.0 0.3502906414713801 0.10459836444553461 0.08020423938973192 0.08375366828129029
0.0 0.5199839176107534 0.5063919537044346 0.04399120761196412 0.0932580062672127
0.0 0.4454740181770379 0.2971324480053701 0.04365404558029573 0.10232130365865916
0.0 0.6504893163599985 0.45270922728881235 0.03653140883212014 0.0746195121205851
0.0 0.46163024873193703 0.8690541673560254 0.08417146374185774 0.11958161579601168
0.0 0.6133357223154694 0.058422562161380004 0.10166861401466087 0.11684512432276001
