0.0 0.07605382419024276 0.5114546374258624 0.07534248007219863 0.07780316178782737
0.0 0.12351353196369987 0.15329028431121539 0.06178840504708624 0.09837643631673594
0.0 0.41432742762089314 0.1578245787723967 0.13042281022697183 0.14421355866248342
0.0 0.3065853447919118 0.5816176176624281 0.08190809193780257 0.1171121923098074
0.0 0.7441701301804919 0.10521676704085109 0.050298240200765565 0.0728713610777794
0.0 0.5962799210711598 0.13597936226936747 0.043347042236114075 0.04887979968149245
0.0 0.8160084335032791 0.6144716002851822 0.051991390491033296 0.06111899326587944
0.0 0.4129348197093833 0.7406247394361849 0.06287653613096966 0.07780867753574683
0.0 0.8843247681973807 0.4048836450743542 0.06354946020175734 0.0565441005138565
0.0 0.09410595341305356 0.2642209781022607 0.045863731209228056 0.06738882352540662
0.0 0.3851902274221697 0.29395801244818537 0.02925995805024345 0.03796707925485443
0.0 0.5778122627852309 0.4687054160592994 0.06353468232305048 0.1029869507756167
0.0 0.9796606785964308 0.3101505238411544 0.04067864280713829 0.0831097283420213
0.0 0.3019125997923827 0.7570858611400546 0.05474115354904319 0.05653104106045692
0.0 0.8083601812267458 0.28949854408926656 0.05297895456063484 0.08144579056065307
0.0 0.4969351075807671 0.45844591226166226 0.039406543697660446 0.06218060290256511
0.0 0.9905669440952704 0.21766088279821133 0.018866111809459296 0.08564685605175182
0.0 0.639119767180507 0.7064740297695631 0.05940693308213718 0.07065876756549527
0.0 0.7872426260867489 0.13130896592281877 0.027410732589297493 0.04131700385699416
0.0 0.3119313473083368 0.0072143605115953776 0.10672237339469631 0.014428721023190755
0.0 0.9822594241867184 0.535871377813788 0.03548115162656307 0.06387902725413552
0.0 0.23417063278159383 0.1043192315888424 0.05057480574289416 0.03624723395236358
0.0 0.8168255051396918 0.4494044304088021 0.025920454459822273 0.04070718197842382
0.0 0.9481703089504827 0.07027237214501089 0.038138110086441634 0.0346221497841068
0.0 0.7301046220059966 0.4673278015343846 0.05383785393885743 0.05553265031571597
0.0 0.6492984169720863 0.432068920075503 0.04655722174838728 0.050085895572146155
0.0 0.23262084116409004 0.6246113576317387 0.06168475024217354 0.07168128054948031
0.0 0.9060209149540053 0.7420041886997204 0.14371358012115687 0.1572341450483905
0.0 0.8931756654650569 0.3034112451342508 0.059781652272934305 0.06502519921687161
0.0 0.6951896224441357 0.1471460630285919 0.023922017885295688 0.03302739694543069
0.0 0.9637861389912349 0.11422867727752159 0.019264463810304333 0.030823480741925133
0.0 0.9659324921548974 0.16249037902636704 0.018266995056251067 0.02406809732444598
0.0 0.4838618146904996 0.7499152683295456 0.029741999827438137 0.04207155548341335
0.0 0.3194437824622378 0.39303015006575986 0.050277170175774044 0.06553789693608703
0.0 0.3008170079469092 0.3179890344045284 0.05874598750958737 0.10877848201716939
0.0 0.9291733765073031 0.3468958776492521 0.023741021124518147 0.03365905348677445
0.0 0.8712683185355352 0.5759330180162127 0.06522657969569134 0.05996560285372898
0.0 0.4331401588802697 0.613538084569427 0.047427709196125045 0.040750340178967503
0.0 0.867361571548111 0.2396209618351025 0.022232504420166554 0.030938568460557953
0.0 0.8200030310153068 0.3941471980410637 0.02757419932701488 0.03970268637676139
0.0 0.8631113379074788 0.5217072516950609 0.031428494671800866 0.03702670021615828
0.0 0.9570944066547729 0.6037217740542911 0.037521347189532483 0.04079201380270192
0.0 0.6744778629339514 0.8105754171505875 0.07017233787583554 0.05490053696044683
0.0 0.6607788248828634 0.18475372913694327 0.05095086430843632 0.07944134536494243
0.0 0.7163664983838318 0.6414422098818844 0.03925134034887978 0.03255344121798709
0.0 0.7557986195018723 0.7745995327572724 0.030663670857811853 0.0634647614510051
0.0 0.4279298191625669 0.482116941951676 0.05052502366384848 0.07078182786138604
0.0 0.40481782015772455 0.5691923977837974 0.02225054773206736 0.047238050005203536
0.0 0.5687199748905889 0.21547038584787057 0.07721235143220972 0.060566809705942026
0.0 0.9558898067076731 0.4004351759217796 0.027262747942115584 0.03192297182633652
0.0 0.9862856046621515 0.4284240668011171 0.027428790675696924 0.03784148228556311
0.0 0.36582263824296446 0.4695112260347328 0.03633500556630076 0.09630828108442813
0.0 0.3058682993898155 0.2448003001789697 0.012350027415621356 0.0195701715932248
0.0 0.021668279638855738 0.27468164062272105 0.043336559277711476 0.050118752662272864
0.0 0.03909799846491407 0.1682285447015132 0.04727138300334459 0.03498130171109076
0.0 0.05598557133635619 0.3529250136884011 0.070923508481511 0.04990167609863738
0.0 0.1726647365648989 0.34823431200673693 0.027235254114153395 0.07480027254314392
0.0 0.4003101697236421 0.6463722029696237 0.029126283321835644 0.04086378274391056
0.0 0.47814275134645257 0.6173840367799991 0.03307693626567593 0.022768947324585342
0.0 0.5165495022184807 0.7187542450501586 0.01674446069899793 0.026433310666331256
0.0 0.9278882762092426 0.20769659190515877 0.018066719153948196 0.025834714378871748
