0.0 0.4078559875488281 0.29797500371932983 0.14176499843597412 0.2464200258255005
0.0 0.4084790050983429 0.8373870253562927 0.08842301368713379 0.24132096767425537
0.0 0.8582299947738647 0.338793009519577 0.12781298160552979 0.20224899053573608
0.0 0.3113720118999481 0.627892017364502 0.042430996894836426 0.22653603553771973
0.0 0.05035000015050173 0.7088549733161926 0.061667000874876976 0.1843780279159546
0.0 0.19890399277210236 0.7861350178718567 0.05388998985290527 0.07711398601531982
0.0 0.7051680088043213 0.8524420261383057 0.054815053939819336 0.23638403415679932
0.0 0.1524610072374344 0.21484097838401794 0.07503199577331543 0.09101396799087524
0.0 0.5323569625616074 0.11797800660133362 0.12103798985481262 0.2314099669456482
0.0 0.21278899908065796 0.10198500752449036 0.04235300421714783 0.10403603315353394
0.0 0.17911599576473236 0.5677539706230164 0.03876301646232605 0.06972396373748779
0.0 0.3886609971523285 0.1340540051460266 0.03311997652053833 0.06535899639129639
0.0 0.9178379774093628 0.8074640035629272 0.13430500030517578 0.13146698474884033
0.0 0.21761499345302582 0.3187020421028137 0.0493600070476532 0.10814201831817627
0.0 0.06322100013494492 0.2466070055961609 0.06428299844264984 0.06573402881622314
0.0 0.424237996339798 0.6388890147209167 0.086093008518219 0.08693802356719971
