0.0 0.39477306022238146 0.4733015032960047 0.09623732439589228 0.07023767784108592
0.0 0.2362950030135719 0.7559107653224613 0.05153682359352546 0.03837896984062317
0.0 0.11983297408530005 0.7693183860470315 0.07533241349726459 0.05763996868850607
0.0 0.288336763390296 0.2343257443527733 0.0625181512388609 0.0610959202417114
0.0 0.7092840872987515 0.2715304298206773 0.046587466964165714 0.03304095060291257
0.0 0.5011195192278498 0.3579944054987857 0.06320191071906467 0.03400235953094338
0.0 0.7353330465705439 0.3347624511362791 0.04199645337631874 0.0295674610637206
0.0 0.4739392073770885 0.7813287777097525 0.04498179384767914 0.0413821168217583
0.0 0.20717096356459927 0.12181177005761915 0.13009937417218947 0.05589856037213814
0.0 0.6325719050658261 0.61934204075482 0.04106288098620181 0.03765967464477393
0.0 0.4035631724045641 0.23722919287744954 0.11051097033260088 0.10325878949915182
0.0 0.3352340209812996 0.7225558346561927 0.043714122702445235 0.04391472324114132
0.0 0.6631794452797273 0.5159529014588623 0.0874300071735955 0.07492141679538039
0.0 0.31774941989565764 0.8450392381811223 0.06696198410098114 0.059124332600030916
0.0 0.4677221420793217 0.1673583310871013 0.04154920595014455 0.04136424363934341
0.0 0.3975252577100904 0.3700495184020743 0.03992675408238622 0.029980021616344388
0.0 0.31055513826284753 0.5073603667399929 0.08208731030723071 0.057881767553126795
0.0 0.528625779394804 0.20460773723207115 0.04966327430675688 0.03621487074974117
0.0 0.8246811979976347 0.7985859318390758 0.04201936400818196 0.037054046597276735
0.0 0.6742264945651272 0.6925469156376216 0.03883405854815325 0.042873886246325266
0.0 0.5302959107419971 0.8948594701130688 0.0944759241906169 0.09259515177090416
0.0 0.3412150663711319 0.5866622346801499 0.06198365863875599 0.03849029186792263
0.0 0.6872594122052103 0.1707287373373806 0.05755010946199568 0.034906402411114784
0.0 0.8616011369626755 0.7236282413070279 0.030883943527312163 0.020829971575048734
0.0 0.6204490565331218 0.37014146723399743 0.03517272274316818 0.030896308870577205
0.0 0.18363462488743348 0.1791513167998358 0.04014265792476285 0.027895838932055383
0.0 0.602328397805042 0.8296426853620245 0.03081882529096136 0.031189589755661773
0.0 0.17323922205345327 0.8489376639273504 0.055422120013396 0.0323108224592521
0.0 0.29415849588790627 0.4603156310242331 0.07864305929832704 0.0380237220633739
0.0 0.40658164051520357 0.7360834329889685 0.0674694605137548 0.04919261934411512
0.0 0.7414561886196389 0.2275668470617647 0.026706463498790467 0.026110217888681897
0.0 0.7377027681535953 0.47994964918684385 0.03918766093355419 0.03720250138944037
0.0 0.5411724145093929 0.03896013385486441 0.0504006990485224 0.026061364138508923
0.0 0.7858366586391617 0.5364562079642855 0.037239544140646785 0.07111063921114047
0.0 0.8595860200149152 0.14309465757625495 0.06597323774816954 0.09224138041327581
0.0 0.3214580762764796 0.6758787866129271 0.02360033310075793 0.022115242884750197
0.0 0.3131058036848711 0.29467169805961335 0.025628819832510308 0.01978520932653416
0.0 0.38945596246028064 0.8337455579550512 0.05951662146794212 0.056172123554074305
0.0 0.27579807259647815 0.3508975290147139 0.051724310268741414 0.06570605750111602
0.0 0.8622455796837043 0.9868441590872161 0.043068987523080304 0.026311681825567756
0.0 0.36618442381078553 0.04254521968812218 0.03058106668470645 0.02316609093000255
0.0 0.8037534993965398 0.37368182506460657 0.024181820677536048 0.01894298467644029
0.0 0.5736491844436027 0.9575549452735281 0.02850795805792894 0.025910105499780456
0.0 0.3914286319048668 0.1567513964685005 0.03173816827289544 0.046221973270550026
0.0 0.3937582707285435 0.6672486476663142 0.05607174004234333 0.043837572568239835
0.0 0.21396673487665596 0.6488861526381187 0.04488813558530444 0.042776770574574075
0.0 0.28699867835018666 0.04545111345748626 0.03218821343099265 0.019123018235103366
0.0 0.2603230831406329 0.6502216141812953 0.045816316030849735 0.021192882306838245
0.0 0.6900205612856658 0.9988525655513437 0.02570114235043952 0.002294868897312563
0.0 0.20838871588715516 0.34455053976722255 0.029699249618872103 0.025672080408914333
0.0 0.16379197014376962 0.4739786986307792 0.027415080240621198 0.02422409074083165
0.0 0.07901510502829479 0.46410996599025395 0.024412103313934078 0.012775474859489488
0.0 0.6048827795215326 0.45472317789790334 0.03613113465151263 0.026089617491309447
0.0 0.6205143626526897 0.4329250719843689 0.05941534562250195 0.05138260897024999
0.0 0.7321043704936386 0.4169428717173591 0.06106299476447519 0.07334889432806208
0.0 0.558513915947771 0.8318671643504871 0.025300836485712352 0.028068337303741697
0.0 0.2155546430239637 0.7130079463572674 0.03268316291015047 0.03316350854199457
0.0 0.762413649157994 0.5924575186691529 0.02245047561325364 0.01795391636083843
0.0 0.7979098419084719 0.4723334871252355 0.06263558925095891 0.042307048560915106
0.0 0.8171837040058929 0.4294798536529848 0.11796363939204324 0.08018529773743283
0.0 0.8073733756181852 0.32425645250319546 0.04663495865086098 0.028727668404138873
0.0 0.83037582897124 0.2838588741768067 0.06048900415634029 0.030910510434328353
0.0 0.8827189119272423 0.25877925076379127 0.02524679203374025 0.020114669159611298
0.0 0.8949352444585861 0.0477041262397328 0.04460801159345995 0.055766364080581055
0.0 0.804663759042978 0.8767605533014532 0.17233856172675277 0.07229039579305119
0.0 0.5748336148531521 0.5886212594774104 0.05718262028368182 0.06913343606769096
0.0 0.6636578379355604 0.05396505399593743 0.045778613756516595 0.081015411908053
0.0 0.6239770332414162 0.08800373017824274 0.09589356767303503 0.0655682716901139
0.0 0.7313988819212602 0.1529125133658499 0.05870032362095867 0.08247865024949445
0.0 0.7657200949270759 0.7390724353631897 0.01945798425616918 0.029032109806028106
