0.0 0.7443589940667152 0.4580180048942566 0.10447598993778229 0.047654032707214355
0.0 0.8411429971456528 0.0979430079460144 0.30975499749183655 0.18758296966552734
0.0 0.26367098093032837 0.8146029971539974 0.32189297676086426 0.15578901022672653
0.0 0.675678014755249 0.7988609969615936 0.07988399267196655 0.03506401181221008
0.0 0.6909680068492889 0.975492000579834 0.08350998163223267 0.03711000084877014
0.0 0.23875802755355835 0.5965610146522522 0.19593596458435059 0.1002810001373291
0.0 0.23104900121688843 0.6963799893856049 0.0689849853515625 0.03104400634765625
0.0 0.4093959927558899 0.9723339984193444 0.08558201789855957 0.03836900182068348
0.0 0.565555989742279 0.34911400079727173 0.08421897888183594 0.05108499526977539
0.0 0.6599299907684326 0.9212009981274605 0.15557503700256348 0.0627409964799881
0.0 0.1595960259437561 0.8341190069913864 0.12334895133972168 0.061728984117507935
0.0 0.3163530230522156 0.4827970266342163 0.04831194877624512 0.035552978515625
0.0 0.8710770010948181 0.9722279999405146 0.11874499917030334 0.03782400116324425
0.0 0.49045801162719727 0.31374502182006836 0.06997501850128174 0.06877100467681885
