0.0 0.4165065533764085 0.9426775492756342 0.09326335540776481 0.04190029100840209
0.0 0.20484171340918156 0.9051584836638494 0.06457126340081779 0.03665924483638294
0.0 0.7025597730958055 0.2796140590373625 0.051383371517210064 0.03758138428101376
0.0 0.6530937623750861 0.6667299814591574 0.04297436045913272 0.029523406941954433
0.0 0.514714710052238 0.4100168333538233 0.05218596087014854 0.02885094926885512
0.0 0.44650594389644505 0.6234808216950682 0.032579103311506874 0.02480714517760496
0.0 0.7970473191618266 0.4231596586007901 0.03747809044425254 0.028499520081797958
0.0 0.49410795888236547 0.9070404993835035 0.053899827670725264 0.030701411444425064
0.0 0.5167475974121329 0.7584529277297378 0.04243034518788219 0.030022032252648212
0.0 0.9155155439813332 0.7662054400497674 0.03176532284890954 0.019148036006740643
0.0 0.4124191011467048 0.40849796175529823 0.047484586585245014 0.03177614843391041
0.0 0.05569446348633274 0.45622259188675096 0.042032220691103274 0.027134974530304334
0.0 0.7492262654347386 0.7447675691320882 0.029791234943529976 0.02151663145155136
0.0 0.9089641779114739 0.5678481650577462 0.02664568208018836 0.01441381874199954
0.0 0.9358688210299746 0.4674185130588805 0.028803183625400797 0.017296970447046478
0.0 0.9935251857287648 0.7289565675269989 0.012949628542470282 0.015273618355185481
0.0 0.8226503736510374 0.5910011935984589 0.02859318766936969 0.018319178685497373
0.0 0.14722522625181594 0.17872005982535133 0.05249931473240582 0.038128076179864856
0.0 0.35039007230565244 0.3805415212886825 0.04463022295536284 0.026832267902745066
0.0 0.6047889639990738 0.36318948745833823 0.029895834153613854 0.018882078424532156
0.0 0.8851599694925089 0.812335756064519 0.0517015340174225 0.0269480104883838
0.0 0.8308480581091016 0.7412607929572148 0.03195433849317164 0.01935804180827705
0.0 0.7794445424299241 0.5424854546557155 0.03525415970403922 0.02357389153832634
0.0 0.10931116843057953 0.13529727773774364 0.025910067063841885 0.016167556201864802
0.0 0.4710200177919688 0.5895855787782345 0.044711099029480394 0.024107613688305496
0.0 0.7527587691903262 0.4127160970482662 0.036006537723036525 0.0203346609152254
0.0 0.1422101694478024 0.36033061171215697 0.03367057932959025 0.019490414847959492
0.0 0.8358089536785169 0.8355683534019527 0.018738748609403277 0.014967598169661422
0.0 0.5144335365731136 0.571284666257611 0.05056989666848072 0.047541836026982476
0.0 0.6630523161738304 0.30371140783443995 0.041483698898155064 0.017049724607773542
0.0 0.8307900130396269 0.2393506387249628 0.024897032320578272 0.014269585840751664
