0.0 0.5093856556885945 0.37975017217833706 0.1312399646949065 0.10708327796987582
0.0 0.46286460816750086 0.8185756791935745 0.054524423061059646 0.04302137162726549
0.0 0.27084946380655106 0.6307053255755035 0.11368372028946078 0.07901965978035463
0.0 0.9188914953495317 0.41060640286732775 0.11238862772262992 0.07653762905931072
0.0 0.12196490064720769 0.24389176970607418 0.08824824940350205 0.07507746745200017
0.0 0.20411596397853132 0.1647881231221715 0.07481604814578993 0.050993408560240566
0.0 0.19011422101422334 0.673322650502431 0.06141111811620331 0.03777365486387296
0.0 0.5186987106538148 0.2679517125925639 0.09901629640447557 0.09494062093369099
0.0 0.11084766540390906 0.8869836227735686 0.09250024573244119 0.07634550834567477
0.0 0.12665970495109585 0.5579820486829754 0.07016709853850814 0.04917491703534549
0.0 0.2526485976298637 0.26004591689958445 0.09650625511608502 0.07546708626315629
0.0 0.7760791614991944 0.6864055975965886 0.06389263538342871 0.05264209389163654
0.0 0.23768210090484712 0.5063803071765025 0.1113325488476678 0.08927246026501873
0.0 0.7235869177790332 0.8602956898888279 0.053952163697992495 0.05938091452085237
0.0 0.6355563801612795 0.4553539880373152 0.04966800156302087 0.04097984105546065
0.0 0.21703341108358964 0.04278541854887848 0.06608595735856712 0.05408596442701592
0.0 0.32941355462721056 0.892636687183036 0.03728473333728616 0.029493311323402716
0.0 0.5821743019945604 0.5730052579475986 0.053988795862613626 0.061323617939450514
0.0 0.5540951265365808 0.840001874387722 0.05723237899552214 0.04970407511274566
0.0 0.49338687676224297 0.6782330786636241 0.05382969662946946 0.04059948875231456
0.0 0.3827306072782174 0.08910390486423952 0.0580580555676819 0.049868736251436244
0.0 0.8254213978412582 0.5388642706863096 0.1644970022214971 0.12099489314902034
0.0 0.026599395768048095 0.5428458716573781 0.05319879153609619 0.04436211851515981
0.0 0.8892523261917354 0.6314809427354273 0.07466258455988939 0.04920205560949753
0.0 0.5989052574505713 0.2833045652409622 0.07645788274170084 0.08845321892077063
0.0 0.39114879678670134 0.24969250616849803 0.0734130367755862 0.06725712367242709
0.0 0.3554510055915966 0.5838606402942117 0.05279221689550445 0.036516483201227246
0.0 0.13319914511405848 0.7667358598568326 0.11347746987963613 0.05250581485529193
0.0 0.3987323875498997 0.9116976004253348 0.04520764669543209 0.031074058416490358
0.0 0.7203760266441879 0.3445216883891614 0.06655660866186952 0.04833250766799341
0.0 0.8606143343416075 0.8247447831160742 0.081865049933872 0.05971472201893491
0.0 0.07827823682132211 0.7065154531731213 0.029043194848802162 0.03157788788983995
0.0 0.7049107928080465 0.9226335194696182 0.11828976227077292 0.058035147794912145
0.0 0.808602753161495 0.2657679578984347 0.045486481170032955 0.03620006106612347
0.0 0.35221889189701644 0.1287509695516023 0.032731430439120746 0.041680945898341024
0.0 0.4046536978280838 0.6026798106393234 0.04214633573283172 0.04431073362316462
0.0 0.28109168373707055 0.1753178175839583 0.03867250994915972 0.024521044674015918
0.0 0.5927864511065697 0.8941873892650942 0.04111948587046721 0.026378123522518115
0.0 0.9486599519936298 0.5641068879509477 0.08058147102341628 0.04027996390900357
0.0 0.4610564115735657 0.9349734905947775 0.0527680568374958 0.05103037655782516
0.0 0.29467898155316635 0.05035115799879808 0.049897848036432046 0.04071222538517766
0.0 0.16225477774397856 0.48064369825728553 0.04798949711007364 0.04568343236416561
0.0 0.20286363459259146 0.82320894750075 0.044223293314021805 0.04195247462259233
0.0 0.3766647751920196 0.17579522620780175 0.05862494254923617 0.03130420796452249
0.0 0.8810757194753527 0.9108718517401297 0.055792905158788986 0.04013126197715822
0.0 0.8226377365476779 0.39268722568565695 0.03305260036452817 0.02987627502979956
0.0 0.24410300911909147 0.44231090850757604 0.026321052401477585 0.023576611360045296
0.0 0.3830371172500344 0.5453366361267119 0.04169265513274839 0.0372146287320021
0.0 0.6758749839413418 0.12060994723192205 0.04327852677192612 0.028345588302232633
0.0 0.7931120730588985 0.2372403968471768 0.03612972803609027 0.014251562209760121
0.0 0.8669286815460996 0.32457554763133956 0.06384419593721558 0.04386552090521417
0.0 0.777140839438798 0.3177675087985419 0.10156002561613342 0.04924899212111572
0.0 0.2607844510856658 0.7809791386264473 0.04902017313336424 0.05590058949127952
0.0 0.2846706044943214 0.8387807166127326 0.1503241000723783 0.1233617772959833
0.0 0.3254976191630358 0.7536613073124969 0.037561211917181536 0.05099161459460799
0.0 0.37537788813675455 0.7980008554015223 0.08035482265770677 0.05035823377240489
0.0 0.6407381904271671 0.9992412432034119 0.13517044051260174 0.0015175135931762007
0.0 0.44345431546329966 0.9757597299771823 0.051386388989553944 0.046398781774832476
0.0 0.390006664901275 0.9398921966686326 0.03685848773171224 0.028821244786922495
0.0 0.6777349806764027 0.27976232512512883 0.051718542557942504 0.06318527051238731
0.0 0.4103278162243119 0.48064646056617544 0.02754821376054839 0.021220215420353683
0.0 0.44905811180908217 0.6252291876928768 0.03877667351133568 0.03673958912883846
