0.0 0.29744885496294615 0.8624452735522028 0.2006233505375092 0.11348020575156004
0.0 0.7554437274642716 0.7145583609659554 0.0922362109442324 0.06484823246327454
0.0 0.31021423641520696 0.13023685340053487 0.10738118137437908 0.062066744711381974
0.0 0.8644461761969017 0.1590312752620263 0.11970976759344576 0.0886913551147182
0.0 0.2646493504147152 0.5291846403202604 0.0958952507370523 0.05820851132147542
0.0 0.10186353439137143 0.4176881857881784 0.18809202021270563 0.10260292907424595
0.0 0.346379136747039 0.3749133266720185 0.10083022362270755 0.11210975407532014
0.0 0.9472502346771378 0.47012981389864805 0.10549953064572448 0.10610495491678579
0.0 0.3335687063654604 0.28364645106852293 0.0678927486033557 0.04036001635589981
0.0 0.2475122310975127 0.012221569765040378 0.09550270707344546 0.024443139530080756
0.0 0.18880023005392157 0.727333648237596 0.37760046010784315 0.3036401804837192
0.0 0.7845728977966204 0.8108675398348604 0.286749103895359 0.06274720082841934
0.0 0.8231480311779726 0.8983537606132377 0.23728463648214226 0.12309911448771038
0.0 0.4565247381236963 0.23627670378974236 0.18181759627352245 0.0662489821506537
