0.0 0.9473054820035647 0.3266958347427096 0.10538903599287053 0.11128946345293245
0.0 0.3098973489227347 0.3687389626754215 0.1710987477908798 0.09747154567546806
0.0 0.4840899681542858 0.8763865648908978 0.3002692773001544 0.12764605339815427
0.0 0.6221734437879368 0.32500171812998846 0.07847246449328438 0.0491352152486923
0.0 0.6440898084353416 0.5881721214302396 0.15566585874136551 0.09847482151369258
0.0 0.6586859037891448 0.7635899686324676 0.13697915726904109 0.0806563111030002
0.0 0.9409077061461855 0.4623164606199579 0.1175736128289997 0.047681716350322034
0.0 0.705932406587958 0.08874706688605044 0.18923820588427875 0.07442135092634987
0.0 0.48953596729237703 0.31709622007642435 0.1275830842637215 0.0895263915372217
0.0 0.778941402141853 0.4393837881078988 0.11698915198937998 0.04870415476905654
0.0 0.1506090814195499 0.17009769532195776 0.19483409217470837 0.20539538817770814
0.0 0.4338103511607037 0.9997149639605689 0.18562411135606338 0.0005700720788620606
0.0 0.46797548078146906 0.13001160148257637 0.06463298213381219 0.02736836890311327
0.0 0.5081359372114501 0.09879373029868393 0.0461948504703531 0.029041028655755932
0.0 0.45861690159495416 0.24976910385092943 0.09330118427326939 0.05349385950716756
0.0 0.15592788799202004 0.5256030890825212 0.13835320126023404 0.1210294903797503
0.0 0.14324428784033966 0.9621715074348538 0.04762457469561718 0.02012608337287991
0.0 0.9749307902817002 0.11678761410993846 0.05013841943659958 0.07940940794820166
0.0 0.6298134604749823 0.19990769629228378 0.126519080173486 0.05263433407356302
0.0 0.41414127008097085 0.727764181834671 0.13431619559308028 0.0858353623886724
0.0 0.2606422227599573 0.1122607733731697 0.10691549586132515 0.06818052699306508
0.0 0.6334553779392885 0.12861302392375923 0.09723918043489888 0.03597756946506446
