0.0 0.5085688099721875 0.6911764274541095 0.19916750240812847 0.11276127528035274
0.0 0.9007140171011396 0.142007064062042 0.14154500242597345 0.0892835079043074
0.0 0.4118782997515269 0.5295552986679053 0.14260579715490734 0.08805856889061803
0.0 0.03157901021849157 0.7986846190159975 0.06315802043698314 0.09224112371425852
0.0 0.20646267302485177 0.7728468710502128 0.14750803290711945 0.08234709533471696
0.0 0.16214225532246127 0.6125979756587783 0.09886809409177223 0.05429182131377963
0.0 0.41294023850693357 0.12164193190321206 0.07746476815388736 0.041690130304352285
0.0 0.1253229039756164 0.6881326201213687 0.11128937021715506 0.063461569125289
0.0 0.13170783021138885 0.45279855799813307 0.08994900536475155 0.06079045906774416
0.0 0.479839400940935 0.17210878264082363 0.07736886405237975 0.04780406358045097
0.0 0.8479766881782453 0.7651562058516482 0.07902020317366287 0.05743926585925907
0.0 0.9318078680684228 0.5711145527042519 0.12884219714037515 0.07213801953030652
0.0 0.6202233671404587 0.38908073111117125 0.1011124506962392 0.05851510898279194
0.0 0.42530097143890455 0.40971998871119886 0.07332523260421253 0.04221373752047525
0.0 0.09273717947390941 0.8300914942862471 0.0658765184394779 0.04522561689938942
0.0 0.36037339107702226 0.22719464808077755 0.03999604009785779 0.02764246789280747
0.0 0.02053760763742821 0.5611281152389037 0.04107521527485642 0.04069806545639998
0.0 0.22417692956747512 0.18882206791973827 0.04015192833715059 0.02587059598700911
0.0 0.197233492100365 0.6951480331922121 0.03908252279729968 0.024423451239307115
0.0 0.762601243827181 0.507146381546764 0.06944725646213512 0.04235990684460339
0.0 0.7993356876229059 0.19588214858683461 0.06360058825912684 0.030653230190045122
