0.0 0.72290002398082 0.18821142548322733 0.05950030561873465 0.08422820867621772
0.0 0.37585690800776406 0.9710197905794561 0.039753730998294434 0.057960418841087824
0.0 0.5504492561932878 0.39757469128206724 0.07533613421767682 0.12403847593821005
0.0 0.5042677886044491 0.3287952900569834 0.06006504271234803 0.10387654192728457
0.0 0.23126848267774552 0.48311294277756134 0.05924676065995113 0.09099507660257006
0.0 0.2520175844162646 0.25172721991068614 0.0610086514578404 0.10076824598067119
0.0 0.6349146264693852 0.35677855203907466 0.031414066656999085 0.05109926081650695
0.0 0.7437967527827531 0.3029194414563722 0.1020865458138559 0.14782840036741107
0.0 0.2882371883428207 0.3624393484370053 0.04162538612194544 0.06830379198182984
0.0 0.6670299400986051 0.456969770764083 0.03866672491253875 0.07337416633253413
0.0 0.779428277234253 0.6267309561257344 0.03488267924082056 0.057746400470121584
0.0 0.7952497101536201 0.06401138496931144 0.07222645258575877 0.12802276993862288
0.0 0.9262778650648467 0.10831114382951805 0.041154918661572615 0.05615048017229127
0.0 0.3412039136364551 0.5251847914013487 0.056000207572152016 0.09275211263346778
0.0 0.5720180671865596 0.6896207367879718 0.07564925313028537 0.11616357852492576
0.0 0.4470659218014862 0.39523871842032265 0.041776468534616085 0.07319928007194987
0.0 0.8136537781654909 0.3403592221900245 0.041600086387343915 0.06074285971059612
0.0 0.6814448660235684 0.5799753735360541 0.0322870045428979 0.05029608635826377
0.0 0.8558622041045473 0.5580055188420199 0.038762958922597734 0.0669070495967089
0.0 0.23393728560823818 0.7192563428774401 0.0902373651390215 0.126326396604293
0.0 0.48051524684554303 0.7013813743006656 0.03920366254135049 0.05689847340899734
0.0 0.7965854522990758 0.4162532945080103 0.03849840107644931 0.06413110053262888
0.0 0.31619307533655816 0.6134235104727688 0.041630897785485454 0.062398822090615425
0.0 0.33678330456559535 0.4479791404069655 0.04428748002079069 0.06350146653727634
0.0 0.42961611663758903 0.7763645727585635 0.04262376362249476 0.058738231818930675
0.0 0.669972899978454 0.8078624865440669 0.07401655235361282 0.13537359493634737
0.0 0.9318157508964602 0.35384831178149745 0.029494890201202106 0.05294264339792315
0.0 0.7337977800584217 0.6805252229670642 0.029518414463907905 0.048781475390642814
0.0 0.6235108843798398 0.22893990359126476 0.06481007348687773 0.08648706554885544
0.0 0.19834061827108967 0.3389342002482213 0.04019979801539225 0.0710524433445835
0.0 0.540522996574192 0.2901042120040513 0.0468835280328328 0.09157826669893265
0.0 0.7450336250074869 0.05702454869111853 0.027990146811617822 0.0494763043464669
0.0 0.8223926416252221 0.6391418278093604 0.02563205330536722 0.03650722470419754
0.0 0.9577914365389015 0.4742877229083904 0.05466556554563751 0.0654708041733299
0.0 0.8829126692345985 0.1018475753182635 0.037990850946514554 0.052633281062751266
0.0 0.1361775925788607 0.9954792083998021 0.02984099466981187 0.00904158320039583
0.0 0.4439064154793402 0.9767850371532617 0.0236274502521594 0.04103646986527987
0.0 0.5800137073358236 0.8204216438821091 0.06165525323132559 0.07040031443212724
0.0 0.8977737297289213 0.4537238266849347 0.04783380992027175 0.07060577930859463
0.0 0.25617178941954594 0.551846473442839 0.05769614510688201 0.08491292622088142
0.0 0.615718833106054 0.7438743756283548 0.03590766195336226 0.05193110972992354
0.0 0.30338295537757975 0.7640233145247024 0.03310610115447682 0.044858851137313804
0.0 0.8063302126556332 0.25899821267218726 0.039421049857447876 0.04914848739080005
0.0 0.2925901283624129 0.9544909479234787 0.062438981818567885 0.09101810415304268
0.0 0.6784068677538018 0.23950088416835041 0.020293758994621047 0.03252884333616379
0.0 0.8950489244100154 0.18718682044151086 0.034647170986349174 0.05489417668766758
0.0 0.3703406620426587 0.41490281307334964 0.020159983633887657 0.03219449918169032
0.0 0.7160602376766905 0.7646283491580663 0.022585481494189152 0.03554104776689959
0.0 0.6513752706771692 0.7183615703837667 0.035521286917632566 0.06480602731952223
0.0 0.6162314352554782 0.154569642945507 0.02723826393858686 0.041581427938937265
0.0 0.3787945755062153 0.34251478278362746 0.023371259500936936 0.045478589901435384
0.0 0.3934106809287925 0.48476946165517465 0.047103793588160914 0.07218735711559421
0.0 0.6109134841291868 0.6000682625991355 0.03146729038404583 0.05124008490137566
0.0 0.3714525672485221 0.29399297950190995 0.04181048614989413 0.05675929729813406
0.0 0.3216924212199825 0.3230818923715576 0.026918034805088475 0.04002371084915107
0.0 0.5004346166826352 0.16697589407582836 0.022016806399904 0.03899107317358824
0.0 0.29072667502863864 0.7267589128143053 0.027735935690991198 0.03876432309007172
0.0 0.3187252742204376 0.7032214553069343 0.03594276143305358 0.06792760093305794
0.0 0.7560797993291988 0.746973736129577 0.04145862736431749 0.0669431148311852
0.0 0.7934402559396116 0.752001681551514 0.04110212199121377 0.08141887330737063
0.0 0.9216070743387763 0.7149892102494936 0.11071009273683585 0.12113535318661794
0.0 0.5758055120720498 0.5844045945940075 0.029761693648133303 0.05493612771966905
0.0 0.49258756020488736 0.07793262412689925 0.01394302046677498 0.02803057893801554
0.0 0.4978047041277961 0.6303983191705917 0.044386606248836225 0.06229215519388365
