0.0 0.5761596467228958 0.29231978788375024 0.1326941946446143 0.11210971836273159
0.0 0.9697208668514532 0.30876672746705625 0.06055826629709371 0.07318617103365843
0.0 0.18257500826143896 0.1697683856327351 0.09089989928948486 0.0798453903599721
0.0 0.6561981893926689 0.7501638594996336 0.05792149809964453 0.052035200637081336
0.0 0.35284778096585717 0.555050931930536 0.11399677686705745 0.08670488899880557
0.0 0.30829986588419545 0.43206694661878964 0.10978214271954706 0.08852641617861168
0.0 0.8285582338919619 0.768258286076878 0.05549526204713828 0.06132316289056439
0.0 0.2558878997485454 0.08786798034826326 0.07761709030586134 0.052110552292904934
0.0 0.9085429464871604 0.43992827631214915 0.17971153473861234 0.12718839504725987
0.0 0.2111548460881997 0.8164709172271202 0.09528645314887146 0.07718144203807564
0.0 0.27755780443196526 0.5956647016859977 0.06373214096881644 0.04008909174747377
0.0 0.5623477869422795 0.7350192002632299 0.051803048718118916 0.0429985745712026
0.0 0.8688953095410805 0.5897334571632298 0.06403753335078755 0.05332955095849001
0.0 0.20395025852523993 0.4811418878485466 0.07147687977130068 0.05018470076930592
0.0 0.6659222846427469 0.4808142173829728 0.055198335327067305 0.06335803686285496
0.0 0.9702979585906457 0.5320017996358104 0.05940408281870868 0.05370391330011837
0.0 0.5829900192930372 0.5934197937054657 0.05317487878908089 0.04023852565944541
0.0 0.6607870606243481 0.19154213244262297 0.07534029916364826 0.0881353676546871
0.0 0.4308132049622865 0.014852283700473744 0.06344807527597301 0.029704567400947488
0.0 0.3657377550344635 0.9440598788655137 0.06369078864740779 0.04507404060094311
0.0 0.3089734383978015 0.18251241623459424 0.09453891444717488 0.07513749127418592
0.0 0.7007350006525497 0.8059111165312599 0.04171827783966575 0.028019025903019523
0.0 0.7139255647318499 0.3608971351746798 0.054321615212151286 0.044627152904741285
0.0 0.5783873068114983 0.18132628130388934 0.10033966868616018 0.09345831756100764
0.0 0.4344914970167354 0.8081772553779947 0.037139123777119476 0.03045649389034677
0.0 0.4493330437085677 0.17015459006689596 0.07216321701734785 0.0735428051589348
0.0 0.08587301829802049 0.21530880891196308 0.055100791485928675 0.05075764952098477
0.0 0.09359115186517546 0.4742567901687629 0.06860361635746007 0.04299808982358777
0.0 0.4362728977171537 0.5039622638450236 0.04745825429231415 0.033886205406104375
0.0 0.22751935838462328 0.6917701410908238 0.11562813736923125 0.05096677970766472
0.0 0.16553141794918352 0.6343939633037099 0.02979231164279228 0.03159440531940494
0.0 0.3338042818575423 0.09622400419268459 0.03906641099936031 0.02650477610177686
0.0 0.50616501036406 0.8247214147604116 0.043528911284101524 0.03166284910345896
0.0 0.9604731303528242 0.7248170741780342 0.07217430584783402 0.05723693162807697
0.0 0.40320132877236114 0.04595131836047586 0.033835509300195965 0.04344507266901527
0.0 0.8108648016285398 0.8322687462994418 0.10889720288285831 0.05177115747670957
0.0 0.7774044378430944 0.9632210126173335 0.15938023950709923 0.07355797476533288
0.0 0.9984508108195369 0.45877291876506704 0.0030983783609260795 0.02981235442366148
0.0 0.11815682305870612 0.015120439848702863 0.034030428743439464 0.030240879697405725
0.0 0.7907859261808412 0.24746940767424236 0.07388130366053436 0.05064978122642985
0.0 0.4856574343202358 0.5230248946585638 0.038967693109189405 0.04397673242175082
0.0 0.5694326609085012 0.8485944479632774 0.04916812302510343 0.047317082422298484
0.0 0.3542909836388649 0.6501914685375618 0.05450315043052956 0.04049411772558409
0.0 0.41527554709076014 0.6750883654547734 0.05234432815812262 0.05775526839991474
0.0 0.8740987884617435 0.15221068379087443 0.08233280136666143 0.052869982168463364
0.0 0.8310036995959913 0.2194158227610482 0.11466732084729314 0.046736433270440275
0.0 0.8972759835879645 0.29606549745793787 0.04599499859806455 0.040081321490086474
0.0 0.8995493676124959 0.3210550171677227 0.07236459037352327 0.03632506579975492
0.0 0.4540700330304609 0.46413268890678683 0.033959792573889536 0.033020524339767265
0.0 0.5244298243099579 0.9578645515719153 0.11254640820119649 0.07802138676604897
0.0 0.422194364249865 0.7313044741363999 0.07246732585850219 0.04292377552734672
0.0 0.3423904805255838 0.7764161443572566 0.05670162892419062 0.06256001153435153
0.0 0.29934928898814106 0.743317069004567 0.03192202438816277 0.031039012232242924
