0.0 0.6979799866676331 0.44526100158691406 0.09927201271057129 0.06879901885986328
0.0 0.6023609936237335 0.3493439853191376 0.05269497632980347 0.03456902503967285
0.0 0.9458290040493011 0.3766379952430725 0.09929996728897095 0.054118990898132324
0.0 0.16827702522277832 0.6406959891319275 0.12291300296783447 0.058364033699035645
0.0 0.7610619962215424 0.6636369824409485 0.09327298402786255 0.06468796730041504
0.0 0.8416209816932678 0.7748519778251648 0.1967250108718872 0.0633009672164917
0.0 0.929410994052887 0.07788900285959244 0.14117705821990967 0.04038199782371521
0.0 0.540147989988327 0.1090560033917427 0.12184697389602661 0.0996830016374588
0.0 0.6624699831008911 0.6420329809188843 0.05321002006530762 0.043643951416015625
0.0 0.05132400989532471 0.1888439953327179 0.08117794990539551 0.060939013957977295
0.0 0.9282410144805908 0.5740360021591187 0.0946969985961914 0.05050504207611084
0.0 0.3148149847984314 0.5556700229644775 0.04208803176879883 0.03443503379821777
0.0 0.4116160273551941 0.9195359945297241 0.1683499813079834 0.05050504207611084
0.0 0.26641398668289185 0.9539719820022583 0.07154905796051025 0.029844045639038086
0.0 0.9551770091056824 0.3235650062561035 0.08964598178863525 0.04409998655319214
