0.0 0.5137847886301916 0.15101797765585231 0.0847597315305561 0.1550235183005128
0.0 0.16385729568141671 0.44934477509259113 0.09127317626391553 0.16759629823414646
0.0 0.45388740794065696 0.5918608466654489 0.09865153434154711 0.15399985685949125
0.0 0.5723247922383756 0.3355098395149423 0.04595563094551913 0.10961637264165741
0.0 0.8755532088318403 0.1433468488555103 0.1179280747849546 0.16200817202602788
0.0 0.982276114658251 0.5235741902966811 0.035447770683497914 0.10772782496384725
0.0 0.7790685737164131 0.7550026183866301 0.1289607300355825 0.4622990512327324
0.0 0.5611024200450428 0.6132697774147434 0.06895669951896899 0.24647252245613532
0.0 0.803593130405053 0.7308388530222582 0.0688423140246498 0.20168910414155916
0.0 0.04489985930281309 0.612245806817579 0.07374800055105003 0.23710837589019257
0.0 0.3428461517921889 0.8910829470828809 0.1660638581233998 0.212112186697898
0.0 0.7389651322264281 0.10135794081687012 0.13263679439379106 0.15043574000953955
0.0 0.8497430262225192 0.9968035087697085 0.0717276444137609 0.006392982460583174
0.0 0.9710529889626813 0.645109968684636 0.05789402207463745 0.11133537937945659
