0.0 0.429297998547554 0.6406800150871277 0.3789399564266205 0.20420002937316895
0.0 0.5265139937400818 0.43562401831150055 0.2485790252685547 0.15957900881767273
0.0 0.047485001385211945 0.744953989982605 0.09266500174999237 0.07377302646636963
0.0 0.9077900052070618 0.45406098663806915 0.1772899627685547 0.1444149911403656
0.0 0.2926180064678192 0.43331000208854675 0.1922529935836792 0.15167802572250366
0.0 0.5090180039405823 0.930088996887207 0.0637279748916626 0.039216041564941406
0.0 0.576774001121521 0.8166139721870422 0.07642102241516113 0.030627965927124023
0.0 0.6662909984588623 0.8788800239562988 0.06407201290130615 0.049214959144592285
0.0 0.09082099795341492 0.964705765247345 0.12766900658607483 0.07058846950531006
0.0 0.0661190003156662 0.4101569950580597 0.1322380006313324 0.13512903451919556
