0.0 0.7667342821827345 0.5034589388805248 0.30331940869595353 0.15284740490000426
0.0 0.818485239498649 0.7564344757282139 0.3630295210027019 0.21353397615469794
0.0 0.9833685025960957 0.868206711815867 0.03326299480780881 0.09776799866319563
0.0 0.19846650542651473 0.7564729137684132 0.14263801328206208 0.08095598620777256
0.0 0.27451303352446216 0.9549296971369808 0.14092032165135907 0.09014060572603833
0.0 0.6912803243253696 0.7476139795035663 0.3972627871809065 0.20987056359854672
0.0 0.5155325471171376 0.5443016379810521 0.08980921481913495 0.05147379995730694
0.0 0.9954494594953447 0.7166649507072802 0.009101081009310508 0.04639037029266879
0.0 0.2516084653382008 0.493886960996458 0.3480283399092995 0.1622539755434979
0.0 0.19316126651373092 0.31145310302380136 0.07791807998537459 0.03401281895402691
0.0 0.27736259385127837 0.3433684983667865 0.12382574890313178 0.06671517478232908
0.0 0.19944058370240614 0.5309462304435807 0.21430403938912176 0.09141095347761152
0.0 0.515539271953698 0.39333139083567686 0.18151728765317843 0.09634058589380534
