0.0 0.5258939862251282 0.45972898602485657 0.19892704486846924 0.181505024433136
0.0 0.22919398546218872 0.371737003326416 0.11686503887176514 0.0757330060005188
0.0 0.6210190057754517 0.6236580014228821 0.11592507362365723 0.07144200801849365
0.0 0.9169049859046936 0.7844240069389343 0.050773024559020996 0.04454600811004639
0.0 0.44633299112319946 0.5277289748191833 0.08971095085144043 0.046484947204589844
0.0 0.7227959930896759 0.35152798891067505 0.06335002183914185 0.08219099044799805
0.0 0.9558819830417633 0.4005880057811737 0.07644301652908325 0.06343597173690796
0.0 0.03345102071762085 0.44342800974845886 0.06367599964141846 0.06866097450256348
0.0 0.2783200144767761 0.6552670001983643 0.03839898109436035 0.05807697772979736
0.0 0.6243250370025635 0.2911219894886017 0.07069897651672363 0.09205001592636108
0.0 0.32923799753189087 0.26642298698425293 0.16725504398345947 0.06947499513626099
0.0 0.8539910018444061 0.6505330204963684 0.08084899187088013 0.05065000057220459
0.0 0.44285398721694946 0.7037270069122314 0.19186997413635254 0.05778002738952637
0.0 0.7813239991664886 0.38522499799728394 0.16075700521469116 0.12018799781799316
0.0 0.7511819899082184 0.6126090288162231 0.079196035861969 0.08553898334503174
0.0 0.7494089901447296 0.7885599732398987 0.22931402921676636 0.2382110357284546
0.0 0.6211580038070679 0.7349629998207092 0.10520100593566895 0.128851056098938
0.0 0.63652503490448 0.11128300055861473 0.04373502731323242 0.053056009113788605
0.0 0.3126479983329773 0.14322500303387642 0.0342789888381958 0.04114600270986557
0.0 0.7334519624710083 0.17191800475120544 0.0508270263671875 0.027069002389907837
0.0 0.7695040106773376 0.2672030031681061 0.04491698741912842 0.03789699077606201
0.0 0.9237590134143829 0.6705380082130432 0.10047298669815063 0.07146298885345459
0.0 0.9574469923973083 0.865979015827179 0.023640990257263184 0.022737979888916016
0.0 0.3741130232810974 0.48051001131534576 0.09338104724884033 0.10503003001213074
