0.0 0.20692600309848785 0.15206897258758545 0.06053900718688965 0.09190201759338379
0.0 0.6381509900093079 0.27092301845550537 0.08458995819091797 0.11500000953674316
0.0 0.7010509967803955 0.901054996997118 0.06461405754089355 0.07906100898981094
0.0 0.6294410228729248 0.5079639852046967 0.11358797550201416 0.11508601903915405
0.0 0.9294970035552979 0.8876710012555122 0.0654759407043457 0.07027100026607513
0.0 0.9075549840927124 0.5360969752073288 0.049198031425476074 0.08366701006889343
0.0 0.7407910227775574 0.3361390233039856 0.08318901062011719 0.06674802303314209
0.0 0.5254579782485962 0.7629589959979057 0.03237104415893555 0.0598670095205307
0.0 0.23983299732208252 0.5514670014381409 0.04106700420379639 0.055141985416412354
0.0 0.44762200117111206 0.7602640017867088 0.0503079891204834 0.08499698340892792
0.0 0.3000420033931732 0.7342010140419006 0.046284019947052 0.0403439998626709
0.0 0.41526299715042114 0.14609599113464355 0.032329022884368896 0.05273902416229248
0.0 0.6462420225143433 0.63018399477005 0.02375197410583496 0.031940996646881104
0.0 0.20217999815940857 0.8619779981672764 0.041819989681243896 0.05215699225664139
0.0 0.0646079983562231 0.5618549883365631 0.058323998004198074 0.06784600019454956
0.0 0.9284530282020569 0.6450299918651581 0.03672504425048828 0.06020897626876831
0.0 0.8484510183334351 0.02163398265838623 0.03328299522399902 0.03693795204162598
0.0 0.3673349916934967 0.9735300000756979 0.050041019916534424 0.05121700093150139
0.0 0.15453000366687775 0.6500680148601532 0.05045598745346069 0.046202003955841064
0.0 0.7713559865951538 0.19739097356796265 0.03606903553009033 0.03774404525756836
0.0 0.3174929916858673 0.41087400913238525 0.04005497694015503 0.06641101837158203
0.0 0.452894002199173 0.4432950019836426 0.03698098659515381 0.04215395450592041
0.0 0.04802700225263834 0.760064996778965 0.034436000511050224 0.06053800880908966
0.0 0.26268601417541504 0.05377000570297241 0.03409701585769653 0.024039030075073242
0.0 0.38087499141693115 0.7190679907798767 0.03634297847747803 0.04066401720046997
0.0 0.21612800657749176 0.7032679915428162 0.021890997886657715 0.03661102056503296
0.0 0.5130029916763306 0.03177398443222046 0.03140997886657715 0.05578601360321045
0.0 0.06334199756383896 0.12550902366638184 0.02490900456905365 0.05752003192901611
0.0 0.128494992852211 0.3464919924736023 0.03289100527763367 0.031756043434143066
0.0 0.5840389728546143 0.1013450026512146 0.03506898880004883 0.0499110221862793
0.0 0.8073310256004333 0.4784489870071411 0.04308605194091797 0.026582956314086914
0.0 0.767096996307373 0.9613620005548 0.06084597110748291 0.06686600297689438
0.0 0.03822999820113182 0.45695000886917114 0.07645999640226364 0.07316005229949951
0.0 0.9474660158157349 0.06212502717971802 0.02626502513885498 0.029286980628967285
0.0 0.2750999927520752 0.42772698402404785 0.022750020027160645 0.03478801250457764
0.0 0.15848800539970398 0.5529020130634308 0.05541199445724487 0.056122004985809326
0.0 0.6570469737052917 0.13362199068069458 0.04909098148345947 0.07010102272033691
0.0 0.013669999781996012 0.6158339977264404 0.026884998194873333 0.044838011264801025
0.0 0.15295300260186195 0.8192330002784729 0.05698900669813156 0.04782599210739136
0.0 0.5782840251922607 0.9259930029511452 0.04468202590942383 0.0350320041179657
0.0 0.3620060086250305 0.13469797372817993 0.036060988903045654 0.033161044120788574
0.0 0.36067700386047363 0.4545549750328064 0.019492030143737793 0.030110955238342285
0.0 0.5944070219993591 0.8094809949398041 0.03086400032043457 0.058373987674713135
0.0 0.1668899953365326 0.7639289945363998 0.022036999464035034 0.026237010955810547
0.0 0.4370400011539459 0.2361299991607666 0.01949101686477661 0.019763946533203125
0.0 0.3575719892978668 0.0941929817199707 0.021800994873046875 0.018548965454101562
0.0 0.7116190195083618 0.6882500052452087 0.06806302070617676 0.14876902103424072
0.0 0.5730720162391663 0.01916402578353882 0.016832947731018066 0.02937304973602295
0.0 0.21663999557495117 0.6496999859809875 0.018916010856628418 0.03809702396392822
0.0 0.007038999814540148 0.17235499620437622 0.012157999910414219 0.027351975440979004
0.0 0.46342799067497253 0.3044310212135315 0.014042973518371582 0.018172025680541992
0.0 0.06775899976491928 0.20751100778579712 0.05547100305557251 0.07182395458221436
0.0 0.09865400195121765 0.28366202116012573 0.03019300103187561 0.04413294792175293
0.0 0.10743100196123123 0.6047079861164093 0.05196000635623932 0.05105602741241455
0.0 0.1048400066792965 0.9509779997169971 0.11050600558519363 0.0980440005660057
0.0 0.06600300222635269 0.8288339972496033 0.03510800004005432 0.03374898433685303
0.0 0.09092999994754791 0.6484079957008362 0.025979995727539062 0.02076798677444458
0.0 0.11023999750614166 0.39139801263809204 0.01966099441051483 0.034613966941833496
0.0 0.10497300326824188 0.4316369891166687 0.011936992406845093 0.023363947868347168
0.0 0.21856899559497833 0.011409997940063477 0.025671005249023438 0.02096700668334961
0.0 0.18747800588607788 0.5012979954481125 0.022469013929367065 0.0259610116481781
0.0 0.7105889916419983 0.7911909967660904 0.04634296894073486 0.027691006660461426
0.0 0.9556440114974976 0.7280200123786926 0.05757701396942139 0.029421985149383545
0.0 0.9394950270652771 0.2148669958114624 0.03229999542236328 0.06922805309295654
0.0 0.9767090082168579 0.566199004650116 0.01966094970703125 0.02076798677444458
0.0 0.5318490266799927 0.9186799973249435 0.026949048042297363 0.025160998106002808
0.0 0.6037139892578125 0.9684979990124702 0.015516042709350586 0.046296000480651855
0.0 0.21131500601768494 0.2498990297317505 0.019600003957748413 0.03623199462890625
0.0 0.4889749735593796 0.22272497415542603 0.026132971048355103 0.05233502388000488
0.0 0.3770950138568878 0.7989130020141602 0.04083198308944702 0.03522500395774841
0.0 0.652305006980896 0.7893519997596741 0.024498939514160156 0.0724639892578125
0.0 0.7266190052032471 0.5946049988269806 0.017966032028198242 0.025161027908325195
0.0 0.5228660106658936 0.27606701850891113 0.017150044441223145 0.02214205265045166
0.0 0.9140400290489197 0.04408198595046997 0.0220489501953125 0.03723800182342529
0.0 0.8499330282211304 0.716385006904602 0.024498939514160156 0.08554798364639282
0.0 0.30359700322151184 0.908111996948719 0.031032979488372803 0.038245007395744324
