0.0 0.4133105418086052 0.4270671578496694 0.09277217090129852 0.06245993211865425
0.0 0.1864672741293907 0.7272991631925106 0.0617459461092949 0.04928585469722746
0.0 0.5649227081239223 0.2113180923089385 0.052106358110904694 0.05004553847014903
0.0 0.791106847524643 0.538862397223711 0.06542813181877138 0.054294164776802045
0.0 0.9082950821518898 0.31220712095499037 0.045343175530433655 0.049432981312274915
0.0 0.3562897680699825 0.9047510957717896 0.06884909123182292 0.08288705140352248
0.0 0.4434431946277618 0.9387632861733437 0.038617289066314675 0.04733441531658167
0.0 0.954301338121295 0.48966112531721595 0.05574748739600188 0.05115784570574761
0.0 0.3810921458899975 0.5050325087085367 0.03968076556921002 0.04284594260156155
0.0 0.6528293474018574 0.35580064691603186 0.0336796209216117 0.03602314099669457
0.0 0.4720539970695972 0.2996214298903942 0.041735582053661346 0.053617142140865326
0.0 0.7678237108886242 0.48814887389540673 0.028967417776584625 0.030350959599018124
