0.0 0.7235270142555237 0.39399099349975586 0.049851059913635254 0.16720294952392578
0.0 0.6400730013847351 0.7246899902820587 0.06567394733428955 0.16263902187347412
0.0 0.2459079921245575 0.8628850020468235 0.04602700471878052 0.14821899682283401
0.0 0.0513480007648468 0.8983599953353405 0.09707897901535034 0.1770310029387474
0.0 0.45069003105163574 0.9106889981776476 0.03672599792480469 0.0891059972345829
0.0 0.5595679879188538 0.12250399589538574 0.07378697395324707 0.09929394721984863
0.0 0.1392109990119934 0.8586799949407578 0.02024996280670166 0.0497249960899353
0.0 0.9373949766159058 0.6066319942474365 0.023970961570739746 0.07127296924591064
0.0 0.43489599227905273 0.2517009973526001 0.05144798755645752 0.18235695362091064
0.0 0.451092004776001 0.5765250027179718 0.029217004776000977 0.08629399538040161
0.0 0.8086889982223511 0.5594289898872375 0.02667701244354248 0.08792197704315186
