0.0 0.39223402738571167 0.6128259897232056 0.07438397407531738 0.14452701807022095
0.0 0.2581980228424072 0.6475450098514557 0.11769700050354004 0.11734700202941895
0.0 0.6264469921588898 0.9286159984767437 0.0823870301246643 0.13847800344228745
0.0 0.14231300354003906 0.8489850014448166 0.035841941833496094 0.03643798828125
0.0 0.03227025270462036 0.6056599915027618 0.06454050540924072 0.11314898729324341
0.0 0.09469300508499146 0.8985069990158081 0.036219000816345215 0.0459119975566864
0.0 0.948183998465538 0.5278930068016052 0.04288899898529053 0.06107902526855469
0.0 0.5073369890451431 0.5881539881229401 0.03075900673866272 0.040068984031677246
0.0 0.12977302074432373 0.5271680057048798 0.026173949241638184 0.032073020935058594
0.0 0.8187389969825745 0.1200219988822937 0.02826198935508728 0.023952960968017578
