0.0 0.3129502981398766 0.8874682694937821 0.04885408344867098 0.12868023210119806
0.0 0.24233899247297475 0.4974268463071796 0.05022535674274778 0.1795319217909735
0.0 0.3853852300438042 0.2938105264201686 0.054476440766299705 0.14152647150804792
0.0 0.7111473171617612 0.6592594591666248 0.024918268935743226 0.09543720002746281
0.0 0.26986142907199395 0.7910495330958148 0.017341541842477437 0.06362284610018687
0.0 0.6377032351838553 0.7935457606927812 0.047768620741323264 0.1000409413117721
0.0 0.22256373261934753 0.280621530707445 0.017673840129639268 0.07804446110577368
0.0 0.28792175648497453 0.31187933575180193 0.023677659495669467 0.0952814720603245
0.0 0.6767671175085044 0.4232318069215223 0.031078768272761237 0.07115662865487754
0.0 0.2796085704463352 0.12975882160912447 0.020703015795738522 0.0617969574213839
0.0 0.4368713252827543 0.3633308451685373 0.025328946970576305 0.06292643379042995
0.0 0.30786158718841006 0.6169362228342335 0.01321879891565464 0.043403333522079146
0.0 0.3353208557026009 0.6352203337690108 0.01914906233825142 0.051733402217445046
0.0 0.5871824729346464 0.7312109564841781 0.013192154962239022 0.08703742204906817
0.0 0.6278660073252638 0.9455794839320071 0.016544204540046015 0.06258545576460905
0.0 0.6131132405706081 0.8885509251394984 0.018233099493022542 0.0285423186920839
0.0 0.6477230182943934 0.4432313507788396 0.012886464379689211 0.04447159774685533
0.0 0.5781356532118884 0.30840885889217495 0.02599336634951943 0.08325400289267448
0.0 0.5277938468607434 0.11900008148018876 0.010974319989953019 0.039413702003691306
0.0 0.483756858966398 0.33081451670535617 0.017459206256996096 0.08577626351722112
0.0 0.464275157524396 0.3801141937979875 0.006927820715913469 0.020056523060240306
0.0 0.2883676804719646 0.2067035706240171 0.010558029152354986 0.022085637686392434
0.0 0.5031855037536919 0.1856458841936431 0.008591708914216067 0.044577079956816645
0.0 0.3267998649812053 0.24333615263603375 0.006125131933891359 0.03134606703260734
0.0 0.273132704297716 0.8937519157491762 0.020201495158317262 0.05084083104643933
0.0 0.5063010233589006 0.6592936352233558 0.009755755333006544 0.06323456227668134
