0.0 0.8411606674875922 0.27403588511958454 0.1256350905781577 0.15367342130914668
0.0 0.19377702456915857 0.6661917445105082 0.0915585167533707 0.10128896051935499
0.0 0.6537629207521016 0.5441528298004685 0.05676254503666023 0.07495421364524002
0.0 0.3892888723319238 0.6277556331673328 0.04612567070565249 0.060519079854171376
0.0 0.5892441391831622 0.4480921942088648 0.07073549778261146 0.08229443514572127
0.0 0.5195756294153134 0.5268434960795905 0.11758339543779872 0.14480997863845235
0.0 0.6811463682778606 0.373307806611046 0.07020543059373985 0.09374491957637004
0.0 0.9289080476764484 0.4732487434779842 0.08203160301608825 0.1130171536130466
0.0 0.7485964353604968 0.40712443567667744 0.041148777496215594 0.0552889979671371
0.0 0.45579514628524664 0.41028596275122803 0.07636337247623565 0.07718596162478619
0.0 0.4244472912242885 0.06916390020158368 0.16270541910198455 0.13832780040316736
0.0 0.23216986564785264 0.3821694407514998 0.1157699582335926 0.1234734408199849
0.0 0.017290623341995496 0.5367166701063328 0.03458124668399099 0.04556393060710151
0.0 0.4331576584681136 0.8261262376447209 0.04784996571452821 0.060218068861731866
0.0 0.4899427216119716 0.8291169807990498 0.03776715751285642 0.04750029952379209
0.0 0.43098936014839545 0.898522378104216 0.035884664407735634 0.04363620292643844
0.0 0.622635191222496 0.10849223872621999 0.11471040463075899 0.13727882923652507
0.0 0.11240185044322222 0.6415481129450986 0.026008218594491345 0.03035697892163891
0.0 0.8786243616045064 0.7241233867807074 0.027423748445872476 0.034274451625726954
0.0 0.257684014758942 0.7967059705214534 0.09349030836705705 0.08691122738348545
0.0 0.5149494662278068 0.8625077226815725 0.05169616908872293 0.06134869648529617
0.0 0.7127829929509765 0.8967259056886663 0.08639338063211022 0.10427293210952493
0.0 0.6711782265679243 0.9698058108286485 0.061335537533430684 0.060388378342703164
0.0 0.09752874102719625 0.5485694710928202 0.055653026326483 0.06322953731295322
0.0 0.017625118032351235 0.48061416172225196 0.03525023606470247 0.06991446027411052
