0.0 0.3617149889469147 0.48655499517917633 0.0910230278968811 0.11109498143196106
0.0 0.7998279929161072 0.544842004776001 0.03625798225402832 0.04653000831604004
0.0 0.6461470127105713 0.3132690191268921 0.0642549991607666 0.09974503517150879
0.0 0.3265250027179718 0.893082994967699 0.06184297800064087 0.09901300817728043
0.0 0.2903220057487488 0.0767589807510376 0.06446897983551025 0.07391703128814697
0.0 0.1995529979467392 0.13816797733306885 0.0412139892578125 0.06590104103088379
0.0 0.7008810043334961 0.24462300539016724 0.029492974281311035 0.055137038230895996
0.0 0.2505039945244789 0.4692299962043762 0.08370201289653778 0.08020102977752686
0.0 0.9232469797134399 0.21780598163604736 0.06508004665374756 0.0780789852142334
0.0 0.5978279709815979 0.15551799535751343 0.040086984634399414 0.06146097183227539
0.0 0.2852819859981537 0.20798200368881226 0.06345397233963013 0.08253002166748047
0.0 0.6200349926948547 0.8189889937639236 0.04485499858856201 0.05395498871803284
0.0 0.5294340252876282 0.2515699863433838 0.07555103302001953 0.09464395046234131
0.0 0.7990880012512207 0.8088819980621338 0.05373203754425049 0.041745007038116455
0.0 0.41574200987815857 0.6274189949035645 0.03492999076843262 0.041927993297576904
0.0 0.07775100320577621 0.12194699048995972 0.04600900411605835 0.055899977684020996
0.0 0.8938500285148621 0.4322280287742615 0.024873018264770508 0.03179895877838135
0.0 0.5397430062294006 0.6031619906425476 0.05578899383544922 0.041287004947662354
0.0 0.8062700033187866 0.6388460099697113 0.042886972427368164 0.047679007053375244
0.0 0.6572120189666748 0.5414530038833618 0.0338059663772583 0.04641598463058472
0.0 0.0967170000076294 0.2944300174713135 0.04291899502277374 0.04850804805755615
0.0 0.4673449993133545 0.8322480022907257 0.10004401206970215 0.14262700080871582
0.0 0.6003469824790955 0.046000003814697266 0.03493297100067139 0.0629500150680542
0.0 0.5480359792709351 0.9163530003279448 0.039337992668151855 0.06619700416922569
0.0 0.2527480125427246 0.5510520040988922 0.08071500062942505 0.058058977127075195
0.0 0.25297701358795166 0.340565025806427 0.05873000621795654 0.060263991355895996
0.0 0.5866460204124451 0.3846859931945801 0.029649019241333008 0.04636502265930176
0.0 0.8016589879989624 0.21119701862335205 0.03613102436065674 0.10630404949188232
0.0 0.9014739990234375 0.5043109953403473 0.025181055068969727 0.03975397348403931
0.0 0.29340699315071106 0.6839359998703003 0.039816975593566895 0.05786699056625366
0.0 0.7422890067100525 0.9340780004858971 0.04925704002380371 0.07110899686813354
0.0 0.751338005065918 0.14342999458312988 0.028512954711914062 0.02257096767425537
0.0 0.8632540106773376 0.8053970038890839 0.04117095470428467 0.10996800661087036
0.0 0.20201000571250916 0.751350998878479 0.030577003955841064 0.03873801231384277
0.0 0.14050599932670593 0.27404701709747314 0.03860500454902649 0.0238800048828125
0.0 0.5972489714622498 0.43709999322891235 0.03976905345916748 0.03314101696014404
0.0 0.1975799947977066 0.21570098400115967 0.019351989030838013 0.03453397750854492
0.0 0.8532630205154419 0.6893649995326996 0.020900964736938477 0.03664100170135498
0.0 0.4724150002002716 0.9583589993417263 0.028837978839874268 0.07472199946641922
0.0 0.7688019871711731 0.035695016384124756 0.02085697650909424 0.02543795108795166
0.0 0.9143530130386353 0.5705699920654297 0.04506802558898926 0.042630016803741455
0.0 0.07276199758052826 0.19943302869796753 0.03460599482059479 0.04223895072937012
0.0 0.5162349939346313 0.17195498943328857 0.04021596908569336 0.038954973220825195
0.0 0.8459450006484985 0.29245299100875854 0.03690505027770996 0.035935044288635254
0.0 0.18276800215244293 0.308991014957428 0.02310401201248169 0.05385100841522217
0.0 0.823544979095459 0.9743680013343692 0.032968997955322266 0.04860699735581875
0.0 0.3243280053138733 0.7950100004673004 0.026012003421783447 0.027235984802246094
0.0 0.4655280113220215 0.24269801378250122 0.020485997200012207 0.0217440128326416
0.0 0.5444269776344299 0.40248197317123413 0.03231096267700195 0.03447604179382324
0.0 0.08076900243759155 0.5876669883728027 0.022616997361183167 0.03841602802276611
0.0 0.176488995552063 0.7295109927654266 0.008884996175765991 0.03447598218917847
0.0 0.25040000677108765 0.8221040070056915 0.03554201126098633 0.0561470091342926
0.0 0.25807398557662964 0.7329590022563934 0.03473401069641113 0.09456300735473633
0.0 0.7952389717102051 0.33894801139831543 0.050889015197753906 0.03743100166320801
0.0 0.848147988319397 0.3758869767189026 0.1050100326538086 0.12706899642944336
0.0 0.7580819725990295 0.3955870270729065 0.04765796661376953 0.02659595012664795
0.0 0.7936229705810547 0.45468902587890625 0.0395810604095459 0.07190704345703125
0.0 0.9777939915657043 0.7679280042648315 0.04119598865509033 0.12706899642944336
0.0 0.9571959972381592 0.563042014837265 0.04038798809051514 0.042356014251708984
0.0 0.9305400252342224 0.5024630129337311 0.024232983589172363 0.0315210223197937
0.0 0.23666801303625107 0.6270689964294434 0.058159008622169495 0.03841602802276611
0.0 0.47657498717308044 0.41381001472473145 0.017771005630493164 0.023640990257263184
0.0 0.612280011177063 0.4857170134782791 0.03231096267700195 0.031520992517471313
