0.0 0.5777820243389096 0.6858133861278324 0.4325378771162308 0.22647817568465023
0.0 0.5230208685359526 0.4783655147675636 0.2893333239319739 0.17363526142694208
0.0 0.9452134085869146 0.8147434524548144 0.10957318282617079 0.07870191261222637
0.0 0.12864738973217626 0.4695129093459114 0.21303734502870902 0.15377393437469705
0.0 0.7629875322191726 0.4925966049332485 0.22994208844613717 0.1619340741430339
0.0 0.4329809963936324 0.9633001039861934 0.07380604461497092 0.04285653105673615
0.0 0.3883867762685313 0.8475171049664345 0.08492615866022701 0.03535054775441471
0.0 0.283145766191602 0.9021147726818559 0.07634124420089702 0.05266203973122108
0.0 0.8535712340750605 0.9938138053327268 0.14611781925586664 0.01237238933454654
0.0 0.9587438363025557 0.4859207053382012 0.08251232739488867 0.1415129917037214
