0.0 0.8040471534343212 0.4797922587507539 0.2750800880116403 0.1733337949103132
0.0 0.41744638913435994 0.7156709815686173 0.22670814434300834 0.10611461809371547
0.0 0.5884466936244006 0.24416926513109333 0.137777386453394 0.07065351575142523
0.0 0.06608421000735676 0.1660744308229562 0.12124928201579148 0.05784578767252169
0.0 0.3607002614470438 0.32585971148726667 0.21183405222683493 0.11310805610797353
0.0 0.7604827984060079 0.18099037120659972 0.15319763013832322 0.10140789540280956
0.0 0.5377635340882514 0.8453420881426381 0.1044137750516061 0.048604251953658584
0.0 0.5495174028160313 0.9153615300374944 0.12001858184457909 0.06462079635454054
0.0 0.850501103629721 0.911514588312303 0.29899779274055793 0.17697082337539394
0.0 0.8125555908084701 0.7797898440330262 0.3748888183830599 0.3282582595663527
0.0 0.02903839843641115 0.4039441241983649 0.0580767968728223 0.11392413356704278
0.0 0.3129934028586474 0.5422953085028352 0.33929574953801883 0.1416145660564057
0.0 0.03821465473196959 0.30016325274126443 0.07642930946393918 0.08744998020702544
