0.0 0.9480870068073273 0.6307529807090759 0.10382503271102905 0.07836997509002686
0.0 0.4329339861869812 0.44130900502204895 0.13714206218719482 0.11754399538040161
0.0 0.030533015727996826 0.7506890296936035 0.05685102939605713 0.04199802875518799
0.0 0.8653469979763031 0.2019219994544983 0.06678098440170288 0.06085500121116638
0.0 0.05613797903060913 0.25333601236343384 0.058547019958496094 0.04476499557495117
0.0 0.34097999334335327 0.9507550001144409 0.06085205078125 0.04847598075866699
0.0 0.7025839984416962 0.8022350072860718 0.05504399538040161 0.03329002857208252
0.0 0.2453169822692871 0.1825920045375824 0.06491899490356445 0.05286601185798645
0.0 0.8645369708538055 0.7538490295410156 0.03780001401901245 0.031147003173828125
0.0 0.9379050135612488 0.959867000579834 0.03371000289916992 0.04308199882507324
0.0 0.1276630163192749 0.32966798543930054 0.07526195049285889 0.0733640193939209
0.0 0.7946310043334961 0.34915900230407715 0.03160202503204346 0.03370898962020874
0.0 0.40369898080825806 0.25570198148489 0.02927100658416748 0.024617984890937805
0.0 0.7691729962825775 0.2442370131611824 0.02770298719406128 0.031014010310173035
0.0 0.9619570076465607 0.7367370128631592 0.06254202127456665 0.049430012702941895
0.0 0.11001598834991455 0.1394840031862259 0.04210805892944336 0.05836400389671326
0.0 0.8190990090370178 0.40248599648475647 0.05842399597167969 0.03462797403335571
0.0 0.4876679480075836 0.5972520112991333 0.03507798910140991 0.04208803176879883
0.0 0.12454599142074585 0.5980409979820251 0.052845001220703125 0.027307987213134766
0.0 0.7543920278549194 0.6314719915390015 0.049021005630493164 0.05019497871398926
0.0 0.24128997325897217 0.7373239994049072 0.06886804103851318 0.06569695472717285
0.0 0.5542939901351929 0.6110129952430725 0.033609986305236816 0.025769948959350586
0.0 0.20937299728393555 0.8686959743499756 0.189924955368042 0.1426769495010376
0.0 0.8532580137252808 0.061677003279328346 0.061280012130737305 0.023264002054929733
0.0 0.9729010164737701 0.14777499437332153 0.04651099443435669 0.06978300213813782
0.0 0.5981360077857971 0.3475539982318878 0.037341952323913574 0.028369009494781494
0.0 0.48346102237701416 0.8632799983024597 0.02974104881286621 0.03503096103668213
0.0 0.5081089735031128 0.31019800901412964 0.03014397621154785 0.041312992572784424
0.0 0.7780369818210602 0.9794650077819824 0.029388010501861572 0.02964603900909424
0.0 0.09031397104263306 0.5390229821205139 0.05955696105957031 0.020797014236450195
0.0 0.3089140057563782 0.525530993938446 0.06300103664398193 0.0307919979095459
0.0 0.5931479930877686 0.8765789866447449 0.0858529806137085 0.1094520092010498
0.0 0.5433779954910278 0.7349110245704651 0.04430997371673584 0.06943798065185547
0.0 0.1806820034980774 0.8301209807395935 0.10317301750183105 0.06709897518157959
0.0 0.5382460057735443 0.11465699970722198 0.04342299699783325 0.05152100324630737
0.0 0.32079899311065674 0.7074699997901917 0.036491990089416504 0.07716500759124756
0.0 0.032118022441864014 0.3654170036315918 0.022560954093933105 0.036812007427215576
0.0 0.2557700276374817 0.07332099974155426 0.10279405117034912 0.06466899812221527
0.0 0.13223201036453247 0.04196599964052439 0.02229595184326172 0.021786002442240715
0.0 0.535968005657196 0.04364300146698952 0.039636969566345215 0.020263001322746277
0.0 0.9682569801807404 0.21969099342823029 0.03452199697494507 0.015073001384735107
0.0 0.2968519926071167 0.6039440035820007 0.03183901309967041 0.02856004238128662
0.0 0.6313509941101074 0.630295991897583 0.05326402187347412 0.04408597946166992
0.0 0.08698201179504395 0.6323059797286987 0.0261460542678833 0.0173109769821167
0.0 0.6914939880371094 0.9021689891815186 0.030955076217651367 0.025033950805664062
0.0 0.3832229971885681 0.02745700068771839 0.045423030853271484 0.03781599923968315
0.0 0.05238997936248779 0.6523339748382568 0.040501952171325684 0.02757394313812256
0.0 0.3498520255088806 0.30566200613975525 0.024132966995239258 0.023845016956329346
0.0 0.6851849853992462 0.4810830056667328 0.06742197275161743 0.03628098964691162
0.0 0.7319310009479523 0.5692459940910339 0.05663400888442993 0.05877494812011719
0.0 0.6797910034656525 0.5326020121574402 0.029666006565093994 0.02176797389984131
0.0 0.8923949897289276 0.5667060017585754 0.03775602579116821 0.024670958518981934
