0.0 0.1860638357776639 0.46628899390322287 0.1712907261032912 0.09596152946398945
0.0 0.3358255768461923 0.22319581810887268 0.13647182249041745 0.11391895549106412
0.0 0.390464323164574 0.629942473535652 0.21624205162685078 0.14050190315160194
0.0 0.7209099508864432 0.31309020505655505 0.1748361851787653 0.09802839551727988
0.0 0.3996320707907113 0.029827511862570932 0.058041715003361305 0.04025186319985724
0.0 0.12386075011309025 0.7010005192408715 0.06355738838866165 0.0673156036157394
0.0 0.7533394430304069 0.09553065462338098 0.28210930720197824 0.1337679747275453
0.0 0.6798626483705501 0.07896323881660572 0.12285665743754637 0.06422897176514596
0.0 0.4822139756589022 0.7829647664575421 0.17190030577969168 0.047239507854513696
0.0 0.7328143611756728 0.2167743975815938 0.0685953689492328 0.03280249042512162
