0.0 0.4794377996465756 0.2812788380262996 0.15045323623814255 0.13810367512214783
0.0 0.33918868438401506 0.9510202643372294 0.05529530380493758 0.09407838058950702
0.0 0.6606693442228908 0.9443928859922632 0.09856008477616451 0.10964221165031118
0.0 0.6832404861557989 0.2492842697942567 0.15513997995453144 0.15505049194310533
0.0 0.5276234131914099 0.4237629606765445 0.042621910169115984 0.03252189252178728
0.0 0.9766177937870164 0.35811095180737856 0.04348771987461064 0.08102126150761035
0.0 0.5717211150875248 0.45605751270895223 0.060802719992706256 0.04298028492423628
0.0 0.6267086860542059 0.42255735415355733 0.026497699926930074 0.02041316925349973
0.0 0.34773760037420887 0.6797913463214957 0.030934608161717225 0.07314745540919942
0.0 0.24455189752228634 0.7526212644544032 0.025764687041588658 0.043435813483092
