0.0 0.27970799803733826 0.7499309778213501 0.04892301559448242 0.06369602680206299
0.0 0.8451949954032898 0.45882199704647064 0.05739903450012207 0.11604097485542297
0.0 0.6231870055198669 0.8255239725112915 0.06500601768493652 0.08043098449707031
0.0 0.14843599498271942 0.4267430007457733 0.0643799901008606 0.06251901388168335
0.0 0.5670949816703796 0.34669598937034607 0.048426032066345215 0.05389201641082764
0.0 0.4814850091934204 0.18035900592803955 0.029872000217437744 0.04285401105880737
0.0 0.14143499732017517 0.7194629907608032 0.03781899809837341 0.05964696407318115
0.0 0.35989901423454285 0.7472820281982422 0.02215498685836792 0.04088795185089111
0.0 0.29690998792648315 0.25987397879362106 0.026594996452331543 0.04430098831653595
0.0 0.18927699327468872 0.3360860049724579 0.037028998136520386 0.06765401363372803
0.0 0.6062700152397156 0.6885510087013245 0.03593301773071289 0.061668992042541504
0.0 0.2759160101413727 0.4108070135116577 0.027572989463806152 0.03686898946762085
0.0 0.15347400307655334 0.6218039989471436 0.030849993228912354 0.04375302791595459
0.0 0.015956999268382788 0.6086980104446411 0.030123998410999775 0.03539001941680908
0.0 0.6901959776878357 0.5695949792861938 0.02833700180053711 0.038352012634277344
0.0 0.018296999856829643 0.6646950244903564 0.022112999111413956 0.03672301769256592
0.0 0.07841599732637405 0.7605800032615662 0.0251380056142807 0.035475969314575195
0.0 0.23995700478553772 0.8105490207672119 0.019318997859954834 0.03819000720977783
0.0 0.8942199945449829 0.2227260023355484 0.021685004234313965 0.023907005786895752
0.0 0.5836600065231323 0.3971630036830902 0.019816994667053223 0.03324097394943237
0.0 0.05120299942791462 0.43358901143074036 0.0332069955766201 0.059737980365753174
0.0 0.0070420000702142715 0.4890679866075516 0.014065999537706375 0.033305972814559937
0.0 0.3680559992790222 0.44484999775886536 0.04166698455810547 0.027033984661102295
