0.0 0.6058360040187836 0.8853320181369781 0.07462900876998901 0.15413302183151245
0.0 0.3353959918022156 0.0794370174407959 0.11126399040222168 0.15057098865509033
0.0 0.403577983379364 0.5338490009307861 0.07261395454406738 0.18145596981048584
0.0 0.8271700032055378 0.4278470277786255 0.13444498926401138 0.2328740358352661
0.0 0.7496399879455566 0.08410799503326416 0.09032100439071655 0.12943696975708008
0.0 0.268468976020813 0.7580209970474243 0.1207430362701416 0.26181507110595703
0.0 0.48645901679992676 0.07494497299194336 0.08517301082611084 0.14631903171539307
0.0 0.2559930086135864 0.4222949743270874 0.12520194053649902 0.20126795768737793
0.0 0.1500219702720642 0.21177399158477783 0.06979894638061523 0.17626404762268066
0.0 0.5962199866771698 0.43342500925064087 0.06739598512649536 0.14307701587677002
0.0 0.5256119966506958 0.8582020103931427 0.07412099838256836 0.06084400415420532
0.0 0.03433197736740112 0.13620597124099731 0.04491901397705078 0.07304799556732178
0.0 0.42131298780441284 0.7300730049610138 0.034564971923828125 0.07722097635269165
0.0 0.624875009059906 0.6369459927082062 0.04452097415924072 0.1301479935646057
0.0 0.6178170144557953 0.7593240141868591 0.07818299531936646 0.09518301486968994
0.0 0.5309469997882843 0.2649570107460022 0.023889005184173584 0.04273498058319092
