0.0 0.4108853113201619 0.28471782779911897 0.10294612713909557 0.09336576639359984
0.0 0.7746702887798418 0.2341129868458409 0.06930587831556811 0.065508075320378
0.0 0.8911735820104882 0.09946981351526474 0.06873137376144611 0.05479116621207254
0.0 0.7541471400629157 0.04239364786756843 0.051160258556977034 0.043674186739460955
0.0 0.5436181252299269 0.5528782463836561 0.09550824177196326 0.07685306455520668
0.0 0.0993085404989817 0.36274187617428577 0.1450475071465863 0.10295383335059344
0.0 0.05364160421332463 0.23871048311694618 0.08787403177421094 0.0614444665064115
0.0 0.7304565798842677 0.15319925421467548 0.06169904906144319 0.03912015249877915
0.0 0.23667582669639797 0.673425889744772 0.04554596566917299 0.04331516397338897
0.0 0.4346243992797028 0.18652954720925952 0.07576470652609735 0.07996143395941768
0.0 0.27661861764961737 0.32232455229637036 0.042373959409159 0.037118647046831876
0.0 0.8546119265908478 0.28927718142929926 0.058419619008922674 0.04246252268311701
0.0 0.33716693764243616 0.5490208362720499 0.044799323274414604 0.03432182640517001
0.0 0.3228683312821742 0.6767760168629563 0.04300779091490892 0.03780926607990587
0.0 0.0907052850092475 0.49968069867464826 0.048115900727154964 0.039262233572556315
0.0 0.08729816971962208 0.6676960848919995 0.043302349818073654 0.05263260129203362
0.0 0.28924773707142537 0.43496881513324437 0.043378191358717455 0.05830676603367568
0.0 0.6024732856609045 0.7988965529627265 0.07707056485271868 0.060895665103254504
0.0 0.6826466965604453 0.5018970449356396 0.05276173532258466 0.03855397260999921
0.0 0.6683919661880998 0.2295222352714439 0.06752612112391598 0.059021030545418324
0.0 0.5482670487718695 0.19629430918817203 0.0561932586951025 0.06389038742824363
0.0 0.3624042144470615 0.1853253507244494 0.05445573484240879 0.0777606203126033
0.0 0.6124576076683512 0.4486599275109402 0.08512904996563464 0.06119571488682679
0.0 0.44339818640385775 0.8932611322680004 0.049187281485522594 0.04405321609952406
0.0 0.8829886450174889 0.7119976798204151 0.026829381901695704 0.029552829844643136
0.0 0.022201054406966767 0.44073731758201024 0.044402108813933534 0.03739910040906658
0.0 0.7834798015012663 0.517167452706825 0.05494499210900672 0.03587451883868514
0.0 0.5994566256720812 0.05004926655205839 0.045518423071225445 0.04222221967934313
0.0 0.8961253873698622 0.1830560494605991 0.06327908335406696 0.06415142392910161
0.0 0.2143486897266484 0.1958827146893719 0.10234071286941604 0.06140978615000767
0.0 0.616258341532061 0.6826121619894854 0.10247977817382459 0.03393625156625302
0.0 0.5954575330449559 0.5918059063732699 0.04950243905600149 0.029080432826217195
0.0 0.08393992693624598 0.8530523344045435 0.14287594605697077 0.06631159719237945
0.0 0.8196176529884438 0.7872493368188782 0.025773975618371803 0.025150038472283698
0.0 0.18621191756463198 0.7160088511812834 0.03562498813518905 0.02247287213608884
0.0 0.08164188091890587 0.7243105037294911 0.100162153947406 0.04107145040286042
0.0 0.6638838876412384 0.14939229243658741 0.03217564931364181 0.021675630685558667
0.0 0.408685531471904 0.7519560997581964 0.0261999409488633 0.02212752451153044
0.0 0.17458708646109056 0.9671960408244733 0.07959063409159825 0.055060389090587414
0.0 0.14074707967937888 0.24215332640082676 0.026935071669208638 0.025382737771327157
0.0 0.3438055321696668 0.7544250963792235 0.03179329160979788 0.02451132400387257
0.0 0.6151026146311402 0.09281055889097989 0.022890357164514263 0.03717551106891062
0.0 0.4841440452826722 0.49155642688244805 0.03539647907294635 0.025101990095226345
0.0 0.6029154068052966 0.8846058586549612 0.044764132619226626 0.03898742246424314
0.0 0.32324582955028747 0.9134177801350878 0.06516103758865005 0.11202044078660278
0.0 0.4583001770820745 0.6453769349114613 0.03919873046792949 0.05250082850311666
0.0 0.8865686503514895 0.3513690983876768 0.02426890519477154 0.025073581585665916
0.0 0.6841573095956273 0.03502687166869166 0.03797474571035531 0.03379153324354737
0.0 0.6183773442264505 0.3855267107164174 0.02181548343224393 0.02177633870621548
0.0 0.6809071313265003 0.43607967172139583 0.034880944335298425 0.030488083590799298
0.0 0.43735154406926124 0.5038862695579153 0.04132009211145932 0.0383575667312957
0.0 0.3956764889550415 0.5139945955928394 0.02862734651356641 0.028698406024595613
0.0 0.19156644434845663 0.12087163254537805 0.05829773875460742 0.0451835991817212
0.0 0.10252287011274402 0.17225560694425424 0.02473420705152181 0.018666965928641727
0.0 0.23856755509956368 0.35609821601858904 0.03962462937924496 0.023934144467534113
0.0 0.5418864802823015 0.7214847294195535 0.04433039876472877 0.04339352527231877
0.0 0.28433595308725645 0.7937221254136613 0.06595439123898372 0.07922019848616757
0.0 0.34576748698197607 0.7832724641185098 0.017037805861905952 0.019131143076337787
0.0 0.2765863365783452 0.8555216634284939 0.026048890506806754 0.031126936676508454
0.0 0.6827539665339015 0.6433291685776293 0.01941636130823221 0.02058145520925736
0.0 0.44777889194271514 0.5502489352040232 0.034246601445691804 0.024466260893295733
0.0 0.4055804084687129 0.6735935438009542 0.05604061676393085 0.04649700509028176
0.0 0.46847453212904133 0.7232912855343838 0.10239781945458032 0.10099070844960056
0.0 0.5080469660281632 0.6816594916996985 0.04052839495037164 0.0446626348135275
0.0 0.8657801345046097 0.6006046705410618 0.05234739141496847 0.03258768817617752
0.0 0.7897562447566709 0.6844693120720808 0.04022714341527878 0.03775278513484992
0.0 0.4731918830972909 0.4588747154306937 0.03454782302355297 0.03137607854628438
0.0 0.010700360027147693 0.36725493551673744 0.021400720054295386 0.025428725980925715
