0.0 0.8403800129890442 0.6441569924354553 0.10108697414398193 0.18641901016235352
0.0 0.6791669726371765 0.20737001299858093 0.05875504016876221 0.08372503519058228
0.0 0.14031200110912323 0.7441740036010742 0.05539199709892273 0.09957098960876465
0.0 0.14370300248265266 0.1835930049419403 0.08064200729131699 0.10795599222183228
0.0 0.5234280228614807 0.7284219861030579 0.05216097831726074 0.0884859561920166
0.0 0.4239940047264099 0.9089499711990356 0.0911020040512085 0.17536699771881104
0.0 0.37248900532722473 0.6701819896697998 0.10416299104690552 0.08508503437042236
0.0 0.4371519982814789 0.049001991748809814 0.09782600402832031 0.09800302982330322
0.0 0.2858549952507019 0.6970999836921692 0.03610497713088989 0.06278002262115479
0.0 0.020085999742150307 0.8269240260124207 0.04017199948430061 0.09002304077148438
0.0 0.7172099947929382 0.8012210130691528 0.27511096000671387 0.39200305938720703
0.0 0.7699080109596252 0.16330000758171082 0.048135995864868164 0.2819870114326477
0.0 0.851809024810791 0.11111098527908325 0.10878801345825195 0.2222219705581665
0.0 0.23525000363588333 0.5810189843177795 0.05615900456905365 0.17466294765472412
