0.0 0.6745857676929765 0.7124663716017794 0.07882526118715794 0.03511234036362387
0.0 0.4377189511663395 0.5665822364786997 0.0584699878366976 0.039438513468088354
0.0 0.5315567582353755 0.5570374415286662 0.04649219370581836 0.02444820690781402
0.0 0.5999589065830921 0.9014674854917171 0.045944450562488415 0.022017013674166308
0.0 0.7773176947283416 0.5502213936656999 0.03582534225749068 0.02975057255119673
0.0 0.9134744430573435 0.22927526013974403 0.03194791019496446 0.015922306416867343
0.0 0.2386699253750629 0.4773858208758788 0.033530052205002436 0.025562766603151987
0.0 0.8934490738740644 0.5077994421969205 0.0251830034759587 0.016161922154969588
0.0 0.8576705022856888 0.39733938467358987 0.02656734837002428 0.01616088102033475
0.0 0.8259652827455535 0.19314325931665371 0.03044825158671316 0.019062533253186242
0.0 0.6128695575692601 0.615118340726708 0.028424692621024317 0.018451599078110226
0.0 0.8231376984622369 0.7451040338799613 0.026070737307914205 0.015449083066598646
0.0 0.7326275178397866 0.4289267521589032 0.03534880561614573 0.022351399043044118
0.0 0.5159144059165881 0.5286115100444222 0.03349576133527671 0.016441617073354897
