0.0 0.10888762056827546 0.10873567583039402 0.12913846373558044 0.12923158016055822
0.0 0.7206002968549728 0.804277803748846 0.10195806622505188 0.07777429074048992
0.0 0.21933375924825668 0.4608652349561453 0.054295822978019714 0.06685421392321589
0.0 0.5018265265226364 0.671251005679369 0.044406551122665394 0.05372963696718214
0.0 0.33779470503330233 0.4000529084354639 0.07580707073211673 0.0662808708846569
0.0 0.3880744653940201 0.5100976243615151 0.12014001011848452 0.12245948612689972
0.0 0.25908851355314255 0.28290893957018853 0.06639240086078646 0.08428052961826327
0.0 0.16358425945043564 0.28234638515859845 0.03866223990917206 0.049924687668681134
0.0 0.5143679904937745 0.4291860938072205 0.09038358926773077 0.05368818044662477
0.0 0.7086055743694305 0.09029603764647619 0.1724250316619873 0.15652757629286498
0.0 0.7952666181325913 0.51193534322083 0.13229199051857 0.09128972515463835
0.0 0.9853316003084183 0.7667493686079978 0.02933679938316347 0.03895131647586825
0.0 0.36467153161764143 0.8407197512686253 0.047945842146873474 0.05180905312299722
0.0 0.2951082277297974 0.8157123066484928 0.03786394000053406 0.04084787219762798
0.0 0.3364779654145241 0.9114955149590969 0.0370736986398697 0.03651806861162188
0.0 0.44212198436260225 0.05666205305606127 0.12013179659843443 0.11332410611212254
0.0 0.8289484816789627 0.8205117799341679 0.027800518274307295 0.02452169209718702
0.0 0.588216717839241 0.8985662706196309 0.11621658205986019 0.054101528227329276
0.0 0.25082840502262116 0.8355836920440197 0.05451940894126894 0.050287272036075636
0.0 0.021633161008358003 0.771376159787178 0.043266322016716006 0.08671896755695341
0.0 0.018902998566627503 0.8757879629731178 0.037805997133255005 0.08398873209953306
0.0 0.8863932985067368 0.7382860392332077 0.06075595021247859 0.04982176721096043
0.0 0.9948311561346055 0.7212359078228474 0.010337687730789136 0.04582188576459878
