0.0 0.292481005191803 0.4771999716758728 0.07193702459335327 0.0658789873123169
0.0 0.07192900031805038 0.17721998691558838 0.06975500285625458 0.06690001487731934
0.0 0.3804509937763214 0.5079830139875412 0.08966296911239624 0.08632299304008484
0.0 0.8754979968070984 0.41258901357650757 0.05631601810455322 0.0647510290145874
0.0 0.6417869925498962 0.4304569959640503 0.07608997821807861 0.08143901824951172
0.0 0.33132100105285645 0.07360297441482544 0.059530019760131836 0.0651240348815918
0.0 0.4204869866371155 0.7922309935092926 0.10014402866363525 0.12191599607467651
0.0 0.4231390058994293 0.12659001350402832 0.0429840087890625 0.05121898651123047
0.0 0.2559700012207031 0.06806999444961548 0.05624699592590332 0.06648600101470947
0.0 0.3048189878463745 0.8091430068016052 0.05565601587295532 0.06988599896430969
0.0 0.1145709976553917 0.07622402906417847 0.0479310005903244 0.039073944091796875
0.0 0.6024209856987 0.3058369755744934 0.037402987480163574 0.04684603214263916
0.0 0.617035984992981 0.6091650128364563 0.033529043197631836 0.03642398118972778
0.0 0.3979560136795044 0.6307379901409149 0.0372849702835083 0.03617197275161743
0.0 0.7702119946479797 0.06955498456954956 0.037753939628601074 0.042323946952819824
0.0 0.547415018081665 0.8158950060606003 0.04507899284362793 0.040508002042770386
0.0 0.7206739783287048 0.7166909873485565 0.04120898246765137 0.03732502460479736
0.0 0.5034859776496887 0.6356289982795715 0.056874990463256836 0.038977980613708496
0.0 0.19006900489330292 0.18250501155853271 0.04304298758506775 0.04304003715515137
0.0 0.20851099491119385 0.8831679932773113 0.037901997566223145 0.031213007867336273
0.0 0.8181700110435486 0.15658998489379883 0.03147101402282715 0.024428963661193848
0.0 0.7088329792022705 0.8421089947223663 0.05404102802276611 0.03992798924446106
0.0 0.29119598865509033 0.2153949737548828 0.038246989250183105 0.05455803871154785
0.0 0.7364270091056824 0.6390889883041382 0.03831195831298828 0.035813987255096436
0.0 0.313400000333786 0.37767601013183594 0.0557820200920105 0.04388594627380371
0.0 0.221110001206398 0.9517670013010502 0.08635899424552917 0.06483899801969528
0.0 0.36285200715065 0.1914539933204651 0.0618860125541687 0.052404046058654785
0.0 0.6313819885253906 0.21225398778915405 0.03777503967285156 0.057824015617370605
0.0 0.4886400103569031 0.8696729987859726 0.03895902633666992 0.053393006324768066
0.0 0.5489910244941711 0.3553760051727295 0.045817017555236816 0.07127904891967773
0.0 0.28429898619651794 0.5361579954624176 0.07381701469421387 0.043268024921417236
0.0 0.5430319905281067 0.056236982345581055 0.02519404888153076 0.038522958755493164
0.0 0.719406008720398 0.46602898836135864 0.0352170467376709 0.044332027435302734
0.0 0.2785939872264862 0.6644189953804016 0.049269020557403564 0.0788009762763977
0.0 0.757722020149231 0.7662349939346313 0.022994041442871094 0.029004007577896118
0.0 0.6768059730529785 0.39384299516677856 0.02535998821258545 0.04129993915557861
0.0 0.18049399554729462 0.3160960078239441 0.04050499200820923 0.04622602462768555
0.0 0.45264899730682373 0.024096012115478516 0.044521987438201904 0.048190951347351074
0.0 0.7651339769363403 0.3874019980430603 0.030256986618041992 0.08573806285858154
0.0 0.8036999702453613 0.5807619988918304 0.024873018264770508 0.023162007331848145
0.0 0.8052610158920288 0.5119220167398453 0.10556495189666748 0.07547298073768616
0.0 0.8803160190582275 0.865848008543253 0.054136037826538086 0.12632299214601517
0.0 0.80035001039505 0.6395260095596313 0.023007988929748535 0.02797996997833252
0.0 0.9138039946556091 0.693340003490448 0.059317946434020996 0.052758991718292236
0.0 0.08069899678230286 0.46513497829437256 0.05109000205993652 0.035830020904541016
0.0 0.9267939925193787 0.9718149993568659 0.02873098850250244 0.04791000112891197
0.0 0.590690016746521 0.5117120146751404 0.038928985595703125 0.022590994834899902
0.0 0.35618001222610474 0.2746390104293823 0.04910701513290405 0.04909205436706543
0.0 0.22378699481487274 0.3082579970359802 0.03960099816322327 0.02068805694580078
0.0 0.14455099403858185 0.5306270122528076 0.022689014673233032 0.026353001594543457
0.0 0.6491990089416504 0.9391029998660088 0.08197295665740967 0.07407400012016296
0.0 0.7567880153656006 0.8596870042383671 0.049769043922424316 0.08475799113512039
0.0 0.7216569781303406 0.5413109958171844 0.05123305320739746 0.0847579836845398
0.0 0.8347359895706177 0.6923080086708069 0.06953096389770508 0.04059797525405884
0.0 0.8274170160293579 0.643875002861023 0.016834020614624023 0.01780599355697632
0.0 0.8420550227165222 0.5947290062904358 0.016834020614624023 0.012108027935028076
0.0 0.4819589853286743 0.4772080183029175 0.03147202730178833 0.022079944610595703
0.0 0.20346899330615997 0.6784189939498901 0.040986984968185425 0.0726500153541565
0.0 0.24774900078773499 0.7393159940838814 0.038791000843048096 0.04059799015522003
0.0 0.3183780014514923 0.7321940064430237 0.02781200408935547 0.023504018783569336
0.0 0.3297230005264282 0.7589029967784882 0.015370011329650879 0.0199429988861084
0.0 0.41535499691963196 0.8881769999861717 0.027079999446868896 0.06908799707889557
0.0 0.5064769834280014 0.05555599927902222 0.026348978281021118 0.03917396068572998
0.0 0.717631995677948 0.15206599235534668 0.02415299415588379 0.041311025619506836
0.0 0.8504719734191895 0.05413097143173218 0.02634894847869873 0.0619659423828125
0.0 0.5650299787521362 0.4743589758872986 0.04830598831176758 0.04059803485870361
0.0 0.6232159733772278 0.5178059935569763 0.02415299415588379 0.034900009632110596
0.0 0.17126500606536865 0.2425209879875183 0.023420989513397217 0.034188032150268555
0.0 0.7948470115661621 0.4576209783554077 0.03805899620056152 0.034188032150268555
