0.0 0.3377314912407917 0.5688137305808987 0.08408636535131869 0.08056496958561021
0.0 0.19749655512398168 0.9127666723514616 0.08224298640486696 0.08110809918587247
0.0 0.41448008609938025 0.5195367969586348 0.10579224491558525 0.10458246905486218
0.0 0.9092947518979311 0.507971292168351 0.06891351855920691 0.07610640456383677
0.0 0.6820564181255415 0.5403068707909896 0.09169431588285792 0.09684652182219944
0.0 0.469328420432383 0.9597634475148349 0.07206831971584265 0.07716316436229853
0.0 0.38611548893894415 0.2297752864633647 0.12413174057409682 0.1420359490409132
0.0 0.5445490634922037 0.8876976121606075 0.05302007572292555 0.05986683596211906
0.0 0.39870945111747935 0.9712286460305612 0.06925399878060262 0.05754270793887739
0.0 0.27176110816893484 0.23779665087032528 0.06948628880517052 0.08104494547240076
0.0 0.26184868337026845 0.9895486234531716 0.054896936643865024 0.020902753093656856
0.0 0.6736733292886211 0.6720119616910449 0.04666935060589705 0.05434658379420154
0.0 0.6165781626609794 0.3688152049332776 0.040531087365196616 0.04320757682404758
0.0 0.40243590084146436 0.39435471119731524 0.04405670015465113 0.04376194416095519
0.0 0.889153363959075 0.8698500727334323 0.0459451627273092 0.04994818044555682
0.0 0.5017129532865028 0.17920430564148437 0.052510854697323806 0.049719196546940264
0.0 0.6903060036605582 0.24026704100304447 0.04807183195515319 0.045742304205687284
0.0 0.5020079830707745 0.36693398944504396 0.06341058996931581 0.05072985658469448
0.0 0.3090113552922862 0.8822577562391929 0.05116073986660491 0.05178837596708119
0.0 0.16250722533939627 0.18517580274758438 0.0434841392977057 0.03898832865157645
0.0 0.9145395936759151 0.7734876202809704 0.03575749169225395 0.030900970118724502
0.0 0.6496303028763983 0.11873024625809384 0.060928373226149746 0.05106325152188028
0.0 0.39782349105557835 0.8280810699934109 0.04928112506260229 0.062156345460323115
0.0 0.723516144559996 0.31366433603332905 0.044953024567730315 0.043627627772880206
0.0 0.3810064594141653 0.6627920444312612 0.06351697550871727 0.05535121100085716
0.0 0.15846483388500926 0.11461768489256569 0.09760709123363732 0.08262230442371242
0.0 0.4718191928248272 0.8364312415191194 0.07133767487240772 0.06508398633973367
0.0 0.7232321167378478 0.758392225427869 0.049595634942905864 0.06528624308988085
0.0 0.43302261170233647 0.13858124346153616 0.049687825102663674 0.06115619746895977
0.0 0.6110771232130621 0.6344385703162376 0.06042224378203598 0.08031762090757344
0.0 0.31611378620482006 0.5122399705566923 0.0805848190114915 0.058599219877852715
0.0 0.6754524028349342 0.9316390343117417 0.0330677785517276 0.04350034788168533
0.0 0.7478044187793211 0.48850741622866106 0.043994277025257045 0.0513918202529694
0.0 0.2806284120344894 0.3865777187714276 0.06547858508604518 0.08849748815647551
0.0 0.7140606832028631 0.18332739280423976 0.028738615645519605 0.03361285419901855
0.0 0.7240539905289138 0.5690338389110529 0.03387655869596007 0.04628300367491822
0.0 0.26858408933472055 0.7521509095450107 0.049484684168372234 0.05439703224596959
0.0 0.5967188896251802 0.977087728729715 0.05377871155413105 0.04582454254057
0.0 0.8098626653736118 0.5565044112526639 0.0489582803650378 0.09129162139769997
0.0 0.8013823580881079 0.3569690547086148 0.02916363630470664 0.028235726041584863
0.0 0.8189955003225107 0.4247353804074389 0.1184278595856908 0.0972519306967049
0.0 0.8077334254938411 0.06341298326118251 0.08125396807801866 0.12682596652236502
0.0 0.7844217960308162 0.2995531861405111 0.02851209005705213 0.032602832189015274
0.0 0.8800980980280799 0.22203941699456595 0.06896986399504834 0.06488563960813615
0.0 0.13843287975089053 0.6260681419119808 0.05715210999134848 0.04637779191642433
0.0 0.6142584782008622 0.4708589899012856 0.04244488939463653 0.03067867147050235
0.0 0.44596834927164863 0.7555676363053725 0.05836570551307063 0.05907301043347857
0.0 0.31173862961932963 0.7506404858811184 0.042640562238656754 0.02893998067458614
0.0 0.18403396494740842 0.5476160760312216 0.027826602639735104 0.030925085737526836
0.0 0.5699983753693036 0.040474529151166304 0.09558403690778028 0.08094905830233261
0.0 0.6912814945431642 0.09107923183254082 0.06735100763570323 0.09449743848268499
0.0 0.7323206339684616 0.41355249976601993 0.06874825570561749 0.09481072046967026
0.0 0.8048774308639028 0.23998001379262845 0.07586886985915986 0.05504074617209839
0.0 0.809235906512643 0.2894588717922833 0.020236790185965914 0.02121705461606116
0.0 0.8347170806987795 0.3349445069073522 0.018902218472681698 0.01558018576645448
0.0 0.5185670813112453 0.5282595534358651 0.035208285421285734 0.028577404010761587
0.0 0.2056502437379557 0.3888040534306483 0.05613355425743943 0.08064022554823885
0.0 0.23364807026527615 0.31908582555159826 0.04653068537758037 0.048462671067833085
0.0 0.3027243481555407 0.3110174877252955 0.03204870347296701 0.029202974023473827
0.0 0.30729636808111604 0.28216770360324217 0.01934004489921326 0.02301776059949473
0.0 0.3587456186722674 0.13595823479753008 0.042026499581565624 0.07414063521956941
0.0 0.640723859600749 0.9401350734168819 0.03432251510394757 0.044391498201198476
0.0 0.8196458588175447 0.7994770469305154 0.032727202146019874 0.04603568749710418
0.0 0.9693658776747951 0.8679336234516946 0.03966068975231407 0.06693861343647267
0.0 0.5985171875831441 0.5133017031419409 0.05561178783390963 0.05049883336216798
0.0 0.6438739023982178 0.45787028094573434 0.03122566587604092 0.03969360565725405
0.0 0.2770082626485777 0.8269103970258892 0.0303602727278503 0.03883257717367372
0.0 0.8217744630048067 0.4806815467117981 0.04433076239684697 0.04196495062753658
