0.0 0.24498135061630788 0.22267621060529028 0.15295437742932916 0.11787557766824003
0.0 0.270142534335751 0.10866455157602137 0.08929735931072458 0.07695758380455155
0.0 0.6835854962999058 0.5707380735123542 0.1901892527550484 0.15953227523757746
0.0 0.12894488525359768 0.6908506947413133 0.10073427943844233 0.08368428507822745
0.0 0.5858837807839432 0.12069660638206858 0.07114058551671887 0.05139300456214667
0.0 0.7639882522336907 0.8901420741164103 0.08668837791049155 0.06951724975761753
0.0 0.3900380581283859 0.12355453410567505 0.054082881566522134 0.04511327686184058
0.0 0.028918566750810712 0.34110764513559855 0.057837133501621424 0.05204102572034641
0.0 0.6321564452915864 0.7694602879107376 0.043708245732880235 0.03463658525439395
0.0 0.010953614369094172 0.7147782853847915 0.021907228738188345 0.08801072014405609
0.0 0.24714364796900767 0.6734098842760431 0.042920481889977324 0.04278590496113055
0.0 0.2652643031663007 0.4958273233948217 0.06794888525007758 0.048248321737649646
0.0 0.7336443788430178 0.9940185331763101 0.062197397122512266 0.01196293364737988
0.0 0.6395148337235305 0.3604381579141378 0.046152746295482494 0.03724187373102189
0.0 0.07742128519079575 0.8382598256250103 0.07221477083545472 0.04396376080555675
0.0 0.9818221456450584 0.18186453489081036 0.03635570870988314 0.2001865242909187
0.0 0.6963196467320804 0.39257618734625865 0.05295634511956515 0.05219385758694417
0.0 0.7112408678097648 0.24010254629514718 0.085388214095094 0.08821382653354332
0.0 0.25941751800868246 0.5581867088779202 0.05031860374523922 0.048397696348917996
0.0 0.4100989360822469 0.359571744968071 0.05897498442280097 0.04833059687294761
0.0 0.5452921054000052 0.6806973116387262 0.0466814981765904 0.04883777664288513
0.0 0.46995634020900984 0.6179759086340662 0.05235547284812814 0.04284165907888726
0.0 0.9298717125124975 0.3191650027347964 0.06042319787516193 0.06864960026684708
0.0 0.853670507828185 0.5171316796311051 0.06553510307351529 0.04526918958425208
0.0 0.7894991993949214 0.5223026688106267 0.03367343995162908 0.027533668811330902
0.0 0.830193910170034 0.12415689871940766 0.0451801914576887 0.046260765055210054
0.0 0.901198479653879 0.4410889328057477 0.04632960838532729 0.03877820814922234
0.0 0.9886802935965607 0.32177471289533455 0.022639412806878534 0.08381533256911838
0.0 0.6282088396023044 0.020069585394482607 0.0409541536052217 0.03480486534156775
0.0 0.42696146702092835 0.2774808436369095 0.0774971296731749 0.06578003660933904
0.0 0.9911947056601655 0.08876315648320762 0.017610588679668915 0.041317544214871146
0.0 0.9875493983546739 0.24789186457668666 0.024901203290652263 0.036352867062364264
0.0 0.5629109876665677 0.31686128078716547 0.07028893355224508 0.06115298076397918
0.0 0.2628189181237642 0.7297140071572626 0.03170875058258807 0.02812305299182838
0.0 0.38675694898868396 0.9450525422452696 0.04213929503388886 0.029624499377329805
0.0 0.9727138373891017 0.4178211407739134 0.05457232522179667 0.03617612437381296
0.0 0.7408262943709396 0.9402489598284827 0.027673864829334538 0.020963209043556086
0.0 0.03625722844773342 0.6429175867722117 0.04662761230111496 0.029447558518499783
0.0 0.7173963711564666 0.7332444528090538 0.04308652944480518 0.03796957238518461
0.0 0.43625682850103925 0.4571188422866936 0.0888713625388936 0.05916977528121803
0.0 0.028470706470631702 0.8079546864775957 0.05597517086695058 0.05564205976094738
0.0 0.7275958393152235 0.08463322051908288 0.14688841955510268 0.13442377892495508
0.0 0.4619428718819708 0.3997758420897678 0.044323509759377544 0.030580223687404262
0.0 0.14277956263600783 0.38682178251450844 0.02506119682472366 0.020475292022490987
0.0 0.8972469195835132 0.5161318296265726 0.04267723116877287 0.047072756586480524
0.0 0.7495751578878724 0.4294378114042926 0.07069846513226896 0.07700707145617408
0.0 0.746459928237795 0.727034903738159 0.039344490089898265 0.0368387182166976
0.0 0.5440055101861256 0.20572193442635087 0.1264788633413847 0.0732929446807965
0.0 0.7375419431277368 0.03386058559157148 0.1251945102308356 0.06772117118314296
0.0 0.8362381581550842 0.06777780508336088 0.10105347891468763 0.059478242691354266
0.0 0.6203037543269523 0.05748027639379412 0.055880666802920476 0.036211699756105914
0.0 0.5523679711373168 0.989359826438523 0.07465624969351858 0.021280347122953902
0.0 0.6815711336962564 0.9762829425909683 0.09790538656955705 0.04743411481806348
0.0 0.6057124875286513 0.9575547081279493 0.053846432575306524 0.05238790826851969
0.0 0.574151438777009 0.9369418896534949 0.047978671146064134 0.0439205962007333
