0.0 0.7245830345898867 0.00024397630244493484 0.10810805931687362 0.0004879526048898697
0.0 0.19262721221894025 0.740906530469656 0.05985817462205886 0.05806264787912363
0.0 0.2125546634197235 0.3999711980298162 0.061660417914390586 0.06357171200215816
0.0 0.9521629173308611 0.4645145240426064 0.09262345656752591 0.08554630726575857
0.0 0.4736179018393159 0.3428508324176073 0.08503695465624339 0.10284751638770101
0.0 0.8376457385718823 0.2534476775676012 0.058334894478321075 0.06272030740976334
0.0 0.44127305671572686 0.7161410382390022 0.07181187719106674 0.07762120217084889
0.0 0.3338768003508449 0.8427773366868496 0.06801244206726548 0.07042053580284113
0.0 0.7704256322234869 0.03595295932143927 0.06108385249972348 0.053506588712334636
0.0 0.8475909549742937 0.17815952505916358 0.06121134683489804 0.057173517867922796
0.0 0.9560546819120646 0.5521170511096716 0.05350874885916701 0.047890528291463896
0.0 0.41387907993048434 0.20374981116503477 0.04592287056148053 0.045108670666813844
0.0 0.8699008353054523 0.9028628141433 0.05731882005929945 0.07365615919232371
0.0 0.40203797426074744 0.6806199737638234 0.03557275570929053 0.03799779817461968
0.0 0.5607335511595011 0.33499280754476785 0.05645262077450752 0.0603932762891054
0.0 0.31875654384493823 0.53026771530509 0.048176714032888424 0.0458907121419907
0.0 0.9235993705689907 0.18927185155451298 0.06135124415159232 0.0711742140352726
0.0 0.39065134432166815 0.15230041075497866 0.05028456263244152 0.04691607795655728
0.0 0.2257431209087372 0.1552106639370322 0.04056395106017591 0.03428950019180774
0.0 0.9032268844544888 0.9719155023992061 0.07299632728099825 0.05616899520158769
