0.0 0.7834700047969818 0.6368370056152344 0.03600496053695679 0.09804105758666992
0.0 0.5053940117359161 0.4205940067768097 0.027157962322235107 0.05952000617980957
0.0 0.20419400930404663 0.5977489948272705 0.05336201190948486 0.07524597644805908
0.0 0.823267012834549 0.9212570190429688 0.037815988063812256 0.05212199687957764
0.0 0.31395602226257324 0.28801101446151733 0.03236794471740723 0.06341201066970825
0.0 0.8930100202560425 0.5268219709396362 0.03410899639129639 0.05823397636413574
0.0 0.8362859785556793 0.29523900151252747 0.024758994579315186 0.05778801441192627
0.0 0.4338200092315674 0.7212460041046143 0.04205000400543213 0.07352197170257568
0.0 0.8359110057353973 0.7195510268211365 0.03766900300979614 0.067330002784729
0.0 0.5351029932498932 0.6406069993972778 0.034470975399017334 0.07535099983215332
0.0 0.6553280353546143 0.9386579990386963 0.019598007202148438 0.03698301315307617
0.0 0.17815101146697998 0.7040799856185913 0.02405405044555664 0.05358004570007324
0.0 0.8578050136566162 0.788765013217926 0.023797988891601562 0.04394698143005371
0.0 0.9670630097389221 0.6036580204963684 0.02028799057006836 0.0484999418258667
