0.0 0.9098679651828216 0.4738509089881749 0.1802640696343567 0.1171375716277806
0.0 0.6606194940799935 0.5281113634631591 0.18932177190871458 0.10013811347747825
0.0 0.4337278527764531 0.2684719184522158 0.16392537556284376 0.08600792549792599
0.0 0.06639031000954883 0.23207391776332062 0.13278062001909766 0.08880000537923399
0.0 0.49940494087246873 0.7766970115100827 0.11932551867476648 0.06302344774980373
0.0 0.1011992005583164 0.3735695199515283 0.15691839728876542 0.07959239824925834
0.0 0.7022560421664898 0.7434387261905693 0.1387175833811518 0.06968644958076664
0.0 0.4249096591299676 0.040538648403365345 0.20056125275792008 0.08107729680673069
0.0 0.2897121619858457 0.7187869229076744 0.38151763647725395 0.21232088635125146
0.0 0.21480273276468478 0.22810420790650476 0.15092253480047996 0.08821052504725554
0.0 0.4215808126237705 0.5801608157716887 0.25992248291870046 0.13826823026994217
0.0 0.20483521791356551 0.4562088435272244 0.10026638809674038 0.0542948931983408
0.0 0.1854006535217302 0.5525408559634244 0.18518219114941187 0.12244514169163623
0.0 0.09962222179370969 0.6334324047147397 0.12236108767101667 0.08645966289940155
0.0 0.8953523364690501 0.7533469514626202 0.2092953270618998 0.19008953741132273
0.0 0.8011279937615318 0.41745062078987627 0.19960765509480471 0.10328002224167038
0.0 0.7347177902811075 0.7936794635650621 0.07773088647078996 0.03909012150551716
0.0 0.5812587677954073 0.8479016454330222 0.03890113263878048 0.023748819560498347
0.0 0.1056392493174372 0.1393173713480195 0.07619984354959085 0.04555967931900749
0.0 0.006338104155529223 0.40391089335070013 0.012676208311058446 0.14915504864206885
