0.0 0.42963600158691406 0.34675902128219604 0.11013901233673096 0.15463006496429443
0.0 0.40648698806762695 0.4611949920654297 0.1386699676513672 0.07096302509307861
0.0 0.3738830089569092 0.12735700607299805 0.10957598686218262 0.09115099906921387
0.0 0.8057270124554634 0.653205007314682 0.20478297770023346 0.13086897134780884
0.0 0.6405110061168671 0.18979698419570923 0.03794300556182861 0.0299680233001709
0.0 0.610372006893158 0.23097902536392212 0.0466499924659729 0.034873008728027344
0.0 0.37445497512817383 0.9704299867153168 0.04937601089477539 0.03985100984573364
0.0 0.0559459924697876 0.017261028289794922 0.09089004993438721 0.0337369441986084
0.0 0.3907510042190552 0.5675930082798004 0.023120999336242676 0.024074018001556396
0.0 0.30577999353408813 0.22777801752090454 0.028902053833007812 0.02592599391937256
