0.0 0.4335319995880127 0.40515899658203125 0.06370902061462402 0.09235000610351562
0.0 0.7001320123672485 0.20847399532794952 0.03487598896026611 0.04936400055885315
0.0 0.7061859965324402 0.08673199824988842 0.0525059700012207 0.07197299972176552
0.0 0.19354000687599182 0.3233779966831207 0.05671799182891846 0.05815201997756958
0.0 0.25537899136543274 0.7533569931983948 0.02988898754119873 0.04481995105743408
0.0 0.3272800147533417 0.5284209698438644 0.02982199192047119 0.062091976404190063
0.0 0.3187519907951355 0.7728149890899658 0.02672797441482544 0.040428996086120605
0.0 0.7393569946289062 0.45069900155067444 0.03825497627258301 0.04214698076248169
0.0 0.07866799831390381 0.25283199548721313 0.04741799831390381 0.12949198484420776
0.0 0.5906500220298767 0.6333889961242676 0.034806013107299805 0.03848898410797119
0.0 0.20335199683904648 0.44193100929260254 0.09556199610233307 0.10335701704025269
0.0 0.6735230088233948 0.31447601318359375 0.04084300994873047 0.040518999099731445
0.0 0.49146102368831635 0.6771029829978943 0.06889203190803528 0.08257603645324707
0.0 0.7921670079231262 0.28206199407577515 0.05449104309082031 0.0630369782447815
0.0 0.13895100355148315 0.5163310319185257 0.03844800591468811 0.0385570228099823
0.0 0.3327910006046295 0.42011499404907227 0.027263998985290527 0.038214027881622314
0.0 0.46171998977661133 0.3142639994621277 0.052330970764160156 0.07901298999786377
0.0 0.17904099822044373 0.5748019814491272 0.03284600377082825 0.0476609468460083
0.0 0.7774519920349121 0.8105790019035339 0.034147024154663086 0.03956198692321777
0.0 0.664713978767395 0.6677790284156799 0.04011094570159912 0.03553605079650879
0.0 0.853721022605896 0.4955269992351532 0.08597695827484131 0.08784598112106323
0.0 0.5410770177841187 0.33659398555755615 0.034345030784606934 0.060283005237579346
0.0 0.15553300082683563 0.7424600124359131 0.031064987182617188 0.05606997013092041
0.0 0.706430971622467 0.8574699759483337 0.01874995231628418 0.02983999252319336
0.0 0.3463740050792694 0.6501230001449585 0.028464019298553467 0.03313004970550537
0.0 0.13328100368380547 0.2218180000782013 0.0251849964261055 0.03868800401687622
0.0 0.7943450212478638 0.5775049924850464 0.0290219783782959 0.028538942337036133
0.0 0.7872300148010254 0.132495004683733 0.028622984886169434 0.054152004420757294
0.0 0.41475099325180054 0.30286601185798645 0.032859981060028076 0.07777202129364014
0.0 0.6910619735717773 0.3865070044994354 0.044615983963012695 0.06475001573562622
0.0 0.21436099708080292 0.7917119860649109 0.02423998713493347 0.02483999729156494
0.0 0.46078601479530334 0.7582229971885681 0.034467995166778564 0.03658103942871094
0.0 0.017914000898599625 0.6071860194206238 0.02273700013756752 0.04964101314544678
0.0 0.518922969698906 0.8012580275535583 0.06819596886634827 0.03050696849822998
0.0 0.13895699381828308 0.9235140085220337 0.08737599849700928 0.05806100368499756
0.0 0.6270719766616821 0.30573898553848267 0.02047097682952881 0.02206498384475708
0.0 0.2540150061249733 0.3418540060520172 0.01803700625896454 0.02446502447128296
0.0 0.7854700088500977 0.35737600922584534 0.05202198028564453 0.055597007274627686
0.0 0.3067060112953186 0.29676100611686707 0.061949968338012695 0.04630798101425171
0.0 0.9656630158424377 0.8270130157470703 0.027397990226745605 0.04146301746368408
0.0 0.010826000478118658 0.4262079894542694 0.02108400035649538 0.02924501895904541
0.0 0.360929012298584 0.8388460278511047 0.017291009426116943 0.023051023483276367
0.0 0.9176170229911804 0.5329030156135559 0.023931026458740234 0.026749014854431152
0.0 0.1239670030772686 0.43885400891304016 0.04386500269174576 0.027711987495422363
0.0 0.623013973236084 0.3813529908657074 0.040007948875427246 0.053460001945495605
0.0 0.594186007976532 0.19799399375915527 0.039643049240112305 0.041882991790771484
0.0 0.008872999344021082 0.3441610038280487 0.016977998428046703 0.03140801191329956
0.0 0.5982969999313354 0.24566901475191116 0.01819300651550293 0.04542301595211029
0.0 0.9794870018959045 0.6463950276374817 0.03004002571105957 0.02309894561767578
0.0 0.2964229881763458 0.22795100510120392 0.023621976375579834 0.028023988008499146
0.0 0.4202130138874054 0.16674700379371643 0.022327005863189697 0.025806009769439697
0.0 0.40543699264526367 0.08043000102043152 0.01116400957107544 0.02402600646018982
0.0 0.42809298634529114 0.6241359710693359 0.023640990257263184 0.03470504283905029
0.0 0.40773600339889526 0.6428229808807373 0.04728102684020996 0.0560610294342041
0.0 0.3988710045814514 0.7598400115966797 0.06895202398300171 0.05517101287841797
0.0 0.7938669919967651 0.5320349931716919 0.026267051696777344 0.023136019706726074
0.0 0.6569479703903198 0.19210800528526306 0.03086400032043457 0.030254989862442017
0.0 0.5722349882125854 0.7705180048942566 0.01641702651977539 0.021356940269470215
0.0 0.4569869935512543 0.8212400078773499 0.03808802366256714 0.060510993003845215
0.0 0.41627299785614014 0.8461560010910034 0.07223498821258545 0.11390197277069092
0.0 0.31284499168395996 0.848380982875824 0.02561098337173462 0.04538297653198242
0.0 0.2747569978237152 0.8768560290336609 0.0269240140914917 0.05962097644805908
0.0 0.2534149959683418 0.9338080286979675 0.018387004733085632 0.024026036262512207
0.0 0.04787199851125479 0.9711819887161255 0.05253499932587147 0.04004395008087158
0.0 0.8526399731636047 0.7807509899139404 0.06107199192047119 0.17174303531646729
0.0 0.5571320056915283 0.5774180293083191 0.06501197814941406 0.051612019538879395
0.0 0.03999199904501438 0.7318090200424194 0.07748899981379509 0.03826403617858887
0.0 0.0708559975028038 0.6868709921836853 0.059101998805999756 0.09254598617553711
0.0 0.14079299569129944 0.7900949716567993 0.07814601063728333 0.051612019538879395
0.0 0.7157210111618042 0.756725013256073 0.027580976486206055 0.0169069766998291
