0.0 0.5964819464087486 0.6564950543642044 0.09386861264705648 0.08776217579841616
0.0 0.7978143668174744 0.5628176176548003 0.07609365105628962 0.0772185182571411
0.0 0.09503655731678008 0.893438258767128 0.12161715686321259 0.11266829848289484
0.0 0.750726529955864 0.47152470260858537 0.060684490203857466 0.05728741288185124
0.0 0.9621977987885475 0.39568345084786416 0.06396105825901033 0.052803637087345145
0.0 0.6970752105116844 0.2753058512508869 0.12022475779056552 0.09511331230401995
0.0 0.6073598384857177 0.20346699342131613 0.07819460988044746 0.08742868870496748
0.0 0.47200860768556596 0.6940862902998923 0.047391425967216516 0.05222996056079865
0.0 0.8737590008974075 0.013982391729950906 0.05137377619743355 0.02796478345990181
0.0 0.07645911917090416 0.7474715143442154 0.07823814839124679 0.08440497398376456
0.0 0.11842180669307709 0.1823790632933378 0.054517020583152775 0.0538251991569996
0.0 0.9790045025944709 0.13092183634638785 0.04199099481105806 0.05435692012310027
0.0 0.039731863886117935 0.38737719610333443 0.07946372777223587 0.0726791802048683
0.0 0.4990062341094017 0.31900581300258635 0.05567165911197658 0.052444791197776786
0.0 0.4230362546443939 0.17746021382510663 0.05244536519050602 0.054935535937547686
0.0 0.941064330637455 0.26779960975050926 0.0694245511293412 0.061795790493488295
0.0 0.9699682077765465 0.45427771225571634 0.04784805953502658 0.04796972066164018
0.0 0.9069097229838371 0.578478339612484 0.05297185480594635 0.04898312628269197
0.0 0.6756846082210541 0.7046011447906495 0.04354156613349913 0.048711900711059575
0.0 0.15244631960988045 0.7498803350329399 0.04735094279050828 0.04281783521175386
