0.0 0.7539659690404261 0.5733597032161452 0.28876018004869564 0.13425121712633925
0.0 0.6754805193236523 0.8318327644168735 0.34496516141063394 0.1933280125767357
0.0 0.8721648190034544 0.9705368121129186 0.20846523827754648 0.05892637577416271
0.0 0.050429332273467055 0.7299505173409303 0.10085866454693411 0.073150256103238
0.0 0.025090503302450787 0.9468753410544352 0.050181006604901573 0.10624931789112968
0.0 0.54478545070038 0.801595724586347 0.37442117374048145 0.1865166714414298
0.0 0.4743635252383578 0.5726294670295966 0.0830757988325504 0.046610956465013786
0.0 0.9332322327837905 0.8302366803594585 0.12651019888785664 0.036906434275383426
0.0 0.23098699232964162 0.4799174759605191 0.33643634134353656 0.1395590345495329
0.0 0.26955841461274266 0.2906512824168198 0.0762241693784253 0.028692445098011443
0.0 0.33865701916660107 0.33582676488726204 0.1161999037878178 0.05957023146103607
0.0 0.15749214439664455 0.5079202453258038 0.21047784851939033 0.07655682012489584
0.0 0.5558792379707553 0.4238945115569707 0.1709065083121012 0.08571592594932653
