0.0 0.4289686501791582 0.45767072303133405 0.12395042784960031 0.14993838394312303
0.0 0.802054382931876 0.7610306703810821 0.05023231445921261 0.06172515509719845
0.0 0.7507603170377157 0.46924256044925455 0.09553523278373877 0.12456485506110393
0.0 0.24401120520378658 0.7943583679972432 0.09308435603721926 0.12253373044834903
0.0 0.5190499456268304 0.056763434097515594 0.08599325561324922 0.1020102891589417
0.0 0.4140558993127641 0.05843475475280195 0.06200244805396232 0.0815862103982217
0.0 0.8259886284073761 0.44047481030562446 0.0473762841525468 0.06538836976613982
0.0 0.3352175912099702 0.3784447018769951 0.10570457552833096 0.11859854966975253
0.0 0.9962757583339674 0.5449247856799817 0.007448483332065048 0.10601634145337874
0.0 0.7666486266654398 0.3029196655307538 0.05931268359454156 0.07703898583507574
0.0 0.4650455123457763 0.16907996197978986 0.08832435766223629 0.10898849557243143
0.0 0.5366018374441646 0.8982490006714965 0.06078298565843965 0.07319303223717555
0.0 0.6687731851902916 0.34788784994822797 0.10379841474805296 0.12658806602013556
0.0 0.7018668361802958 0.9793242349649286 0.06418547307202072 0.041351530070142806
0.0 0.42459228509199237 0.6124518922381919 0.047300276696337074 0.056920047349034664
0.0 0.3103386148493586 0.005932162318069647 0.06255666751165101 0.011864324636139295
0.0 0.9292816033918319 0.7162723706191473 0.03441394004947651 0.04223756689019598
0.0 0.5455491595613349 0.6625297645631106 0.06586764278639479 0.06836389362033968
0.0 0.7724318730402531 0.8472769952894467 0.056642875439201545 0.06654972288255001
0.0 0.6747321831086553 0.6759638360525526 0.04797830760241739 0.06021363392330259
0.0 0.2624294079615677 0.13644391314391552 0.05698422771286857 0.06729607742058251
0.0 0.3939208386977961 0.8220008934883233 0.14396967144181017 0.18281697955991505
0.0 0.8101988954530263 0.20820966596386037 0.05522645133921289 0.07537970667128077
0.0 0.43498112061146954 0.942294059404376 0.060422378479551175 0.08076623204093414
0.0 0.30640123229557986 0.451578473621705 0.0946654869886907 0.09743783185692917
0.0 0.3859431457467163 0.26689662670776654 0.07567229562412542 0.08671911362080464
0.0 0.6701890968592197 0.49769936032379714 0.04421070033275054 0.05777610712739034
0.0 0.9294607814952243 0.4691346500844462 0.07264748713287095 0.11413541594291793
0.0 0.9089872286605242 0.78395173698401 0.03769005650980839 0.049399609255368127
0.0 0.2929784212615184 0.591658189397401 0.05771459060323042 0.07372794628101853
0.0 0.909627703024618 0.3806679751322465 0.03421798463114156 0.03623030761744017
0.0 0.761040100187941 0.9830937024451598 0.07857308455524015 0.03381259510968038
0.0 0.18515436926068227 0.598241482690703 0.04217275752180899 0.051613528544768084
0.0 0.3095974203911788 0.14375243834382062 0.043811573654696456 0.04318876589493961
0.0 0.6599944283487371 0.5498235357529346 0.04835182091648804 0.051990240975708035
0.0 0.3830535546646633 0.12537529929186797 0.030466387976647635 0.041461032409283144
0.0 0.7957650808620598 0.9186837858492891 0.03265729531106798 0.044202666709293514
0.0 0.35095959746361055 0.9356483444831651 0.05416750174788565 0.08220751088843037
0.0 0.9659820965126398 0.29612598876995183 0.028395047395175954 0.03434074378488805
0.0 0.8956265613342926 0.849542345236502 0.056706539501535036 0.06337199943831795
0.0 0.2766343859444896 0.03924506500632481 0.047125327438393594 0.05700658164260631
0.0 0.686879345746035 0.27038608156186383 0.05094617288660763 0.05735231207661701
0.0 0.9387678424644843 0.5659712225170772 0.04682240137190552 0.052794928754474224
0.0 0.3345350089984457 0.1987607155661688 0.04113051205409074 0.060581647209249495
0.0 0.27899518245998 0.7069828249561299 0.03372113757008488 0.03888675495166416
0.0 0.6144918737217471 0.30331305476189174 0.026668232419957083 0.030883819594622997
0.0 0.6254118277150145 0.48902303912394296 0.042129906439408726 0.04886947914316431
0.0 0.13752377054248366 0.3847346368611847 0.03487370653938067 0.046748956911676465
0.0 0.17037338142729522 0.5643751739596617 0.021006240424316314 0.0353852041543814
0.0 0.2021207861072416 0.6882184454915352 0.053211488717553684 0.0697570401781128
0.0 0.2426405306855073 0.614363769479713 0.06696241385784002 0.10302230579012506
0.0 0.875520634473044 0.5776082950110203 0.05999585767857141 0.06215773393642543
0.0 0.9093069092291179 0.640496739981713 0.14258360302314843 0.17201509273457793
0.0 0.8206674362293895 0.6059510473749217 0.052998480159839545 0.050784420763922644
0.0 0.8304390850693659 0.6783020708018361 0.06279374917241687 0.08591972413119986
0.0 0.8784455770720145 0.9958520598554708 0.08504125492850967 0.008295880289058366
0.0 0.9370962998647578 0.8675934171674472 0.05238318457046376 0.06043754046374317
0.0 0.9358931521104302 0.7990598528406074 0.03373205045016858 0.041625120214716094
0.0 0.2632497448351663 0.5090677842479397 0.06692262016103295 0.06720729716394214
0.0 0.559958692124717 0.4599130974018727 0.024935069136839405 0.03098664416816277
0.0 0.6552237859382964 0.6011627054868316 0.04101610798091371 0.04627486030616568
