0.0 0.7191188506430293 0.9063662189893223 0.2535643652944847 0.10841924529965752
0.0 0.7536239426609703 0.3364676527064145 0.07883718609485646 0.045187765037337346
0.0 0.45777169284980657 0.39976021865719735 0.1547228405551606 0.08588439327840991
0.0 0.8534769123384264 0.7756264428190665 0.12937327213612226 0.07218552318965277
0.0 0.23874530764266363 0.22993285718218776 0.2255403866241142 0.16077103879212706
0.0 0.928153197470525 0.44009497611417603 0.1168773325844985 0.048589018699363606
0.0 0.10526164743211439 0.7275563886508309 0.1612969775169545 0.1021542370943298
0.0 0.7846261203716778 0.09263985138971463 0.18180102088936112 0.07153433196739231
0.0 0.8243882119465078 0.6044289661045643 0.12968189797797847 0.09659574826784145
0.0 0.5685640272380241 0.1508299546219859 0.060208180124420974 0.023020036211169687
0.0 0.5926817819944241 0.11605601148972963 0.03504074950016001 0.02730877576925457
0.0 0.609605916597876 0.33695769902880707 0.11499791604229015 0.09076333852540719
0.0 0.5624485512878254 0.2736443348329261 0.07597085100413714 0.04970968831874342
0.0 0.3085015652579407 0.6043329406915678 0.07611950866901862 0.06969620240515428
0.0 0.5983711999081813 0.3029415373735244 0.1492468765402416 0.11173422796782528
0.0 0.6256110658445095 0.7631669518760722 0.10179501512656974 0.09606416370180881
