0.0 0.22580029599522594 0.19739998598991504 0.21254772599360286 0.10130434928550436
0.0 0.18174860877817345 0.6413877506771151 0.1654522148182327 0.08168282376799396
0.0 0.6138071093895203 0.3165181042298606 0.10246490729255087 0.04025370884248031
0.0 0.8919519148634103 0.8386391087899564 0.11462307829645291 0.03786058804689696
0.0 0.1335211492816556 0.44829822677374787 0.11967138424447951 0.05891893487831329
0.0 0.12933271303083937 0.13562577889834476 0.12769696586179938 0.04413118069431052
0.0 0.9868925244102581 0.6047159639724344 0.026214951179483803 0.04324893281780795
0.0 0.9532950530715311 0.918529064516802 0.09340989385693788 0.04431788170549711
0.0 0.26624548058065167 0.5648349075751108 0.10375495018963171 0.05314449297496471
0.0 0.6926289359284045 0.7914221952550392 0.2263375024033527 0.07353396999786832
