0.0 0.12307558130472898 0.04641466487199068 0.187333594635129 0.09282932974398136
0.0 0.28719786047935486 0.23557527415454388 0.14630031287670134 0.128265046030283
0.0 0.8069760912656784 0.6660585205256939 0.1332939863204956 0.11221693933010102
0.0 0.44152931064367296 0.07351458933204412 0.15451543629169456 0.14702917866408824
0.0 0.5686639459431171 0.7681911078095436 0.16226655095815656 0.1161290872097015
0.0 0.9114705410599708 0.5103800927102566 0.17705891788005834 0.14115649729967117
0.0 0.13450767077505588 0.5740520221740006 0.10811120197176935 0.07744095161557196
0.0 0.047486717700958254 0.34154213439673187 0.09497343540191651 0.13156147696077825
0.0 0.6585067497193813 0.04481355022639036 0.14235798865556715 0.08962710045278072
0.0 0.12285670299082996 0.4767379701137543 0.11013483814895154 0.08069423615932464
0.0 0.4336333365738392 0.988266279399395 0.11516304463148119 0.023467441201210026
