0.0 0.789429887318802 0.059472804453339384 0.1066364247084175 0.11894560890667877
0.0 0.3702262274705609 0.5517073788017405 0.06777326493626051 0.17661414615127918
0.0 0.4765216119242648 0.943966285730347 0.06326320293990406 0.11206742853930585
0.0 0.3368736094521218 0.8596957616373153 0.04988521200526386 0.15094129262525302
0.0 0.4944634116606121 0.2785880370971499 0.04260580216435972 0.11816047267226212
0.0 0.6495868518456959 0.1839375941326748 0.047844962955432724 0.15125651475733712
0.0 0.9924006259297823 0.204946405771032 0.015198748140435425 0.07331771618804739
0.0 0.7867875756110791 0.4173742736185785 0.024680664875153524 0.05895498120491188
0.0 0.7199551198862733 0.11649105717590846 0.02729000687339156 0.07320182838014196
0.0 0.551942642170046 0.7652354832459268 0.047920169632308385 0.15777957109242524
0.0 0.2639746719035017 0.7916065823067964 0.02619619615386426 0.08767172241438503
0.0 0.5179386504838621 0.5410529842071405 0.03133426081628421 0.08295479561487229
0.0 0.48920035407570506 0.869878896007934 0.030397646713129722 0.08321733882309668
0.0 0.5355795655922337 0.9777491858190626 0.03191071116370503 0.04450162836187477
0.0 0.9550162271893827 0.2766841457717739 0.041293094904359395 0.08098285768140956
0.0 0.5934320845768863 0.04083487449969648 0.018340587047252277 0.0620250331961711
