0.0 0.6684989929199219 0.10086798667907715 0.04858100414276123 0.12293195724487305
0.0 0.7524199932813644 0.4887239933013916 0.048739999532699585 0.1760929822921753
0.0 0.6074579954147339 0.7366189956665039 0.0542219877243042 0.13501399755477905
0.0 0.25643497705459595 0.4387570023536682 0.02401900291442871 0.09406399726867676
0.0 0.7161409854888916 0.19027501344680786 0.01678699254989624 0.06252098083496094
0.0 0.3301129937171936 0.2805439829826355 0.048159003257751465 0.09307205677032471
0.0 0.7786339968442917 0.7092309892177582 0.01677200198173523 0.07761198282241821
0.0 0.7092680037021637 0.6932199895381927 0.02270597219467163 0.09421700239181519
0.0 0.2984579801559448 0.675570011138916 0.031177997589111328 0.06694000959396362
0.0 0.7225809991359711 0.8805449977517128 0.02040201425552368 0.059741005301475525
0.0 0.5516830086708069 0.6773090064525604 0.025283992290496826 0.05974799394607544
0.0 0.6806569993495941 0.3809639811515808 0.012925982475280762 0.04229700565338135
0.0 0.6513839960098267 0.3688790202140808 0.019008994102478027 0.04954802989959717
0.0 0.38469398021698 0.33262401819229126 0.011785030364990234 0.08822000026702881
0.0 0.33660298585891724 0.11993002891540527 0.01596701145172119 0.06163299083709717
0.0 0.3535199761390686 0.17552101612091064 0.01862800121307373 0.025377988815307617
0.0 0.3284289836883545 0.6474359929561615 0.012545943260192871 0.04350602626800537
0.0 0.40484297275543213 0.7700970023870468 0.025470972061157227 0.08096900582313538
0.0 0.46243900060653687 0.9543920010328293 0.010645031929016113 0.03867200016975403
0.0 0.5033070147037506 0.7229659929871559 0.016346991062164307 0.08580298721790314
0.0 0.5225059986114502 0.6667709946632385 0.006842970848083496 0.01933598518371582
0.0 0.71145099401474 0.8027260005474091 0.010644972324371338 0.020543992519378662
0.0 0.4865800142288208 0.8788610063493252 0.007984042167663574 0.04471399635076523
0.0 0.670201987028122 0.7743269950151443 0.005702972412109375 0.031421005725860596
0.0 0.7101199924945831 0.08428001403808594 0.02014899253845215 0.04833996295928955
0.0 0.4713730216026306 0.3870059847831726 0.008744001388549805 0.06404995918273926
