0.0 0.2924615663290024 0.9286596735566854 0.2135248124599457 0.14268065288662912
0.0 0.9438058507442475 0.46139345366507767 0.10107593536376946 0.10760733179748055
0.0 0.630021996498108 0.8238817155361176 0.1113270163536072 0.13980550110340118
0.0 0.7985467714071274 0.3743519143015146 0.09059681296348576 0.09687888413667683
0.0 0.04780021667480469 0.41714103426784277 0.09560043334960938 0.0997199741750956
0.0 0.8676649069786071 0.974906823784113 0.2646701860427857 0.05018635243177416
0.0 0.31296751022338865 0.4148805728927255 0.22046985626220703 0.20931698940694338
0.0 0.5510483753681182 0.9875622484087945 0.09058892726898193 0.024875503182411163
0.0 0.9850857949256897 0.8558884994685649 0.029828410148620588 0.11527824521064767
0.0 0.022703511118888856 0.9704923120141029 0.04540702223777771 0.05901537597179418
0.0 0.656120828986168 0.5813511989265681 0.09049542546272271 0.08463877111673357
0.0 0.43788391172885893 0.28795085977762935 0.10745063424110413 0.09588680364191532
0.0 0.31981591403484344 0.16107392163947223 0.1873417317867279 0.11153221648186444
0.0 0.733885685801506 0.21730516225099564 0.05673757195472717 0.056878212839365005
0.0 0.4380044502019882 0.5644890074059368 0.07949729561805724 0.08372056074440481
0.0 0.499705423116684 0.5458836532011628 0.15094120502471925 0.1425138149410486
0.0 0.5922417950630188 0.3344727071002126 0.20409014225006106 0.15819197647273536
0.0 0.1692056667804718 0.1758167561888695 0.05355078577995298 0.05301558926701547
0.0 0.48530196070671083 0.17331989854574203 0.13085103034973145 0.14346741646528244
0.0 0.601190288066864 0.15937189523130657 0.2476446032524109 0.27048632003366946
0.0 0.8587553364038467 0.2379750794917345 0.09081761240959163 0.10523559018969536
0.0 0.9594780480861664 0.2152801322005689 0.08104390382766724 0.13287266541272402
0.0 0.09312497586011886 0.548474243953824 0.18624995172023773 0.1483936747908592
