0.0 0.5110649764537811 0.3232699930667877 0.11142998933792114 0.09404098987579346
0.0 0.916482001543045 0.2816390097141266 0.09589797258377075 0.05809199810028076
0.0 0.10745400190353394 0.2606160119175911 0.07567393779754639 0.06750200688838959
0.0 0.6812849640846252 0.7479029893875122 0.04796898365020752 0.04418301582336426
0.0 0.3497130274772644 0.6038450002670288 0.09780800342559814 0.07107400894165039
0.0 0.2818149924278259 0.4929409921169281 0.09310400485992432 0.07353001832962036
0.0 0.8507930040359497 0.7414950132369995 0.04347801208496094 0.05392897129058838
0.0 0.16131198406219482 0.17264600098133087 0.06809306144714355 0.04139000177383423
0.0 0.8608970046043396 0.41815200448036194 0.15624606609344482 0.1024399995803833
0.0 0.266618013381958 0.8719859719276428 0.08073604106903076 0.06416904926300049
0.0 0.28554701805114746 0.652804970741272 0.0564960241317749 0.03125596046447754
0.0 0.587909996509552 0.7463570237159729 0.04366791248321533 0.03593599796295166
0.0 0.8532530069351196 0.5661140084266663 0.05394303798675537 0.0446009635925293
0.0 0.14086997509002686 0.05228699930012226 0.05654299259185791 0.04410099610686302
0.0 0.1914139986038208 0.5539339780807495 0.06223094463348389 0.0403369665145874
0.0 0.6358010172843933 0.49030502140522003 0.04273402690887451 0.05603000521659851
0.0 0.9479340016841888 0.4960240125656128 0.06799596548080444 0.04296600818634033
0.0 0.5789399743080139 0.6088070273399353 0.04566800594329834 0.03294503688812256
0.0 0.5719650387763977 0.21578899770975113 0.057968974113464355 0.07815198600292206
0.0 0.31245899200439453 0.06855200044810772 0.053607940673828125 0.043435994535684586
0.0 0.44131600856781006 0.9721900224685669 0.055374979972839355 0.036303043365478516
0.0 0.025525987148284912 0.8528980016708374 0.026450037956237793 0.023260951042175293
0.0 0.23165398836135864 0.25541698187589645 0.08041393756866455 0.062210991978645325
0.0 0.7354829907417297 0.794838011264801 0.03659701347351074 0.022256970405578613
0.0 0.6575689911842346 0.3696340024471283 0.0458909273147583 0.037216007709503174
0.0 0.4906100034713745 0.21736299991607666 0.08238101005554199 0.07989299297332764
0.0 0.47979700565338135 0.8334850072860718 0.03138697147369385 0.02538895606994629
0.0 0.364175021648407 0.22442199289798737 0.05787801742553711 0.06385800242424011
0.0 0.023690998554229736 0.3171980082988739 0.04536104202270508 0.04330199956893921
0.0 0.08383798599243164 0.5625090003013611 0.06084799766540527 0.03348803520202637
0.0 0.41957300901412964 0.5438039898872375 0.04119694232940674 0.027354001998901367
0.0 0.2569730281829834 0.7511000037193298 0.10721004009246826 0.034695982933044434
0.0 0.18565398454666138 0.705007016658783 0.02362799644470215 0.027609944343566895
0.0 0.23797500133514404 0.1699170023202896 0.03421294689178467 0.021111994981765747
0.0 0.5521209836006165 0.8394020199775696 0.03766000270843506 0.025678038597106934
0.0 0.9688610136508942 0.6820840239524841 0.061417996883392334 0.047366976737976074
0.0 0.2945050001144409 0.112575002014637 0.025197982788085938 0.03900499641895294
0.0 0.8468029797077179 0.8048210144042969 0.10015302896499634 0.03648996353149414
0.0 0.8426310122013092 0.9403430223464966 0.1441749930381775 0.06465601921081543
0.0 0.21777498722076416 0.04699100274592638 0.04238903522491455 0.03678100369870663
0.0 0.9734669923782349 0.42059099674224854 0.04398298263549805 0.022962987422943115
0.0 0.01184701919555664 0.11228399351239204 0.02369403839111328 0.046935997903347015
0.0 0.708420991897583 0.2511819899082184 0.06458902359008789 0.04045701026916504
0.0 0.4709659814834595 0.5551720261573792 0.030331015586853027 0.03879499435424805
0.0 0.6178500056266785 0.85344398021698 0.04003894329071045 0.040686964988708496
0.0 0.3704720139503479 0.6941660046577454 0.04697096347808838 0.033010005950927734
0.0 0.43421298265457153 0.7094950079917908 0.04102802276611328 0.05077993869781494
0.0 0.7691799998283386 0.14913199841976166 0.07275092601776123 0.041471004486083984
0.0 0.7414020001888275 0.21897900104522705 0.10714298486709595 0.030557990074157715
0.0 0.8207669854164124 0.28282201290130615 0.038359999656677246 0.033832013607025146
0.0 0.8280420005321503 0.3062860071659088 0.06613796949386597 0.026192009449005127
0.0 0.4285860061645508 0.5034700036048889 0.027580976486206055 0.028445005416870117
0.0 0.5968009829521179 0.9635739922523499 0.09820401668548584 0.06250405311584473
0.0 0.45231497287750244 0.7620319724082947 0.06481504440307617 0.032850027084350586
0.0 0.3847219944000244 0.8158900141716003 0.04444396495819092 0.055004000663757324
0.0 0.3365740180015564 0.7902979850769043 0.02592599391937256 0.02673804759979248
