0.0 0.050960004329681396 0.41904401779174805 0.08258199691772461 0.07683002948760986
0.0 0.5593729913234711 0.17472302913665771 0.0685809850692749 0.06567597389221191
0.0 0.7466259822249413 0.7913079857826233 0.04173301160335541 0.029018044471740723
0.0 0.8374039977788925 0.5771769881248474 0.04140499234199524 0.032986998558044434
0.0 0.20652800798416138 0.4437119960784912 0.06638801097869873 0.04136395454406738
0.0 0.6398510038852692 0.4809759855270386 0.05070900917053223 0.05798196792602539
0.0 0.3674499988555908 0.3408399820327759 0.03808605670928955 0.033329010009765625
0.0 0.5491479933261871 0.7178919911384583 0.04671198129653931 0.04136693477630615
0.0 0.5979790091514587 0.8208340108394623 0.04554402828216553 0.036632001399993896
0.0 0.29211801290512085 0.9597980082035065 0.054064035415649414 0.04824703931808472
0.0 0.4913480430841446 0.22294801473617554 0.04500797390937805 0.02488398551940918
0.0 0.7736250013113022 0.09704500436782837 0.02697598934173584 0.023287057876586914
0.0 0.3829190135002136 0.2922559976577759 0.04360401630401611 0.027861952781677246
0.0 0.17576301097869873 0.4966229796409607 0.03899705410003662 0.022637009620666504
0.0 0.7329170107841492 0.4094970226287842 0.03178000450134277 0.022726058959960938
0.0 0.136572003364563 0.732282966375351 0.03235495090484619 0.04264801740646362
0.0 0.3968369960784912 0.9563699960708618 0.02665400505065918 0.02363002300262451
0.0 0.5927099883556366 0.7052519917488098 0.023329973220825195 0.020119071006774902
0.0 0.5704050064086914 0.4557570219039917 0.03698498010635376 0.03200399875640869
0.0 0.7087500095367432 0.6323710083961487 0.033942997455596924 0.022662997245788574
0.0 0.3166760206222534 0.28129202127456665 0.03786003589630127 0.039340972900390625
0.0 0.7281680107116699 0.026821017265319824 0.025825977325439453 0.019436001777648926
0.0 0.7682739943265915 0.3833240270614624 0.03584200143814087 0.022845983505249023
0.0 0.903497003018856 0.42371201515197754 0.03041200339794159 0.015501976013183594
0.0 0.0850980281829834 0.7712910175323486 0.05104804039001465 0.03508400917053223
