0.0 0.8469951945472595 0.6271837630122612 0.0986641821445704 0.09062095524182667
0.0 0.7985090246397366 0.25616282013798286 0.12196906581921751 0.07372246227407739
0.0 0.11168689535103173 0.46794598145447863 0.11755911176416908 0.07632308103209945
0.0 0.6547311718948394 0.27571956544138526 0.13081083787464787 0.08101103983725866
0.0 0.37959282051328663 0.5011613123739984 0.07760341569078943 0.06005543354341375
0.0 0.8561991593777667 0.5167857272762901 0.06754249141281565 0.043054235459542234
0.0 0.4019069555720014 0.8008422224893543 0.08223788360224327 0.06595579963073028
0.0 0.4126015802169167 0.14448849615770099 0.06964204727561385 0.04124265630680725
0.0 0.5378156930087578 0.1298043628186048 0.05508098669598871 0.029474901133104275
0.0 0.1767786471605208 0.6225635336208057 0.08937868435233054 0.043667124623893216
0.0 0.09082182703298189 0.6963654218232 0.08428313952890859 0.045693018290528076
0.0 0.16175839923465055 0.84542966014619 0.168653167790004 0.07223147197906599
0.0 0.20326908671523763 0.363217221128021 0.0539145735995665 0.035222134742277644
0.0 0.035971100150141835 0.830943925528588 0.05528213391327407 0.040680810668534684
0.0 0.17194557850100906 0.0030931655350734818 0.06981084418156089 0.0061863310701469635
0.0 0.36033223155114635 0.6310933650085657 0.058592455217998385 0.04610245236843313
0.0 0.016074357379274436 0.7385570235901477 0.03214871475854887 0.06276472901253805
0.0 0.979460927314798 0.3181953665392513 0.04107814537040411 0.049264400384285645
0.0 0.7799565056415275 0.5115138329119628 0.06525813412147818 0.03106374352857355
0.0 0.35619853392895917 0.8427668615634858 0.05120202246157102 0.026899547838746707
0.0 0.11347371946463823 0.2764199102196583 0.08604884299949653 0.05059309149561497
0.0 0.5715726322485064 0.7116901418806982 0.04222787371079528 0.024881235535279767
0.0 0.6338086877507787 0.383836446018446 0.13023764104092772 0.05584075772863578
0.0 0.45717928122783225 0.2358223380565775 0.032564586439881915 0.026864627474119274
0.0 0.03192093678982025 0.675505011865245 0.03222223124994963 0.019852201637071132
0.0 0.6626460486607508 0.009565516833607048 0.02939136336891035 0.017641185006049366
0.0 0.6185534550149725 0.6587383021105337 0.04012203968443406 0.03382320155699092
0.0 0.7082790245509822 0.7077483187937406 0.025398327658639475 0.018070214771451765
0.0 0.8460972875519188 0.844650330915864 0.02930987646966987 0.020824245241671813
0.0 0.11875427809397902 0.6562935524121699 0.03372599131050577 0.019600408408146253
0.0 0.3176327467367206 0.38069160801317714 0.03163298085336341 0.021817789579790248
0.0 0.43843377708534603 0.3688724222211217 0.04040158763714069 0.022203679801401477
0.0 0.6257387974703355 0.4676320826582596 0.04690709830871376 0.040417368194592684
