0.0 0.2682669758796692 0.10128899663686752 0.08426594734191895 0.033765003085136414
0.0 0.0712209939956665 0.15615999698638916 0.05627799034118652 0.03111898899078369
0.0 0.7180800139904022 0.7155060172080994 0.04251497983932495 0.033274054527282715
0.0 0.5702449977397919 0.3465310037136078 0.0360720157623291 0.025897979736328125
0.0 0.501120001077652 0.6063269972801208 0.04569298028945923 0.024363994598388672
0.0 0.37963002920150757 0.40648001432418823 0.02669203281402588 0.02208799123764038
0.0 0.7734410017728806 0.5687260031700134 0.030716001987457275 0.02537095546722412
0.0 0.3532080054283142 0.12880699709057808 0.04694998264312744 0.026078008115291595
0.0 0.413519024848938 0.27010899782180786 0.035380005836486816 0.026453018188476562
0.0 0.800925999879837 0.22742700576782227 0.02738499641418457 0.016436010599136353
0.0 0.40161800384521484 0.6168230175971985 0.04008603096008301 0.027760028839111328
0.0 0.04100298881530762 0.6022899746894836 0.03575098514556885 0.023568034172058105
0.0 0.6440550088882446 0.2627829909324646 0.02472299337387085 0.019016027450561523
0.0 0.8455280065536499 0.4193049967288971 0.02341601252555847 0.012118995189666748
0.0 0.8976219967007637 0.5137860178947449 0.024848997592926025 0.014837026596069336
0.0 0.8948699980974197 0.2557229995727539 0.026337996125221252 0.012704014778137207
0.0 0.7552890032529831 0.4045960009098053 0.024358004331588745 0.01589101552963257
0.0 0.20173197984695435 0.8618379831314087 0.043511033058166504 0.03372395038604736
0.0 0.34823399782180786 0.6492609977722168 0.03849494457244873 0.02302098274230957
0.0 0.6011179983615875 0.6435359716415405 0.02554100751876831 0.016340017318725586
0.0 0.12392598390579224 0.03916199877858162 0.022727012634277344 0.014193996787071228
0.0 0.7594230026006699 0.18561799824237823 0.0457099974155426 0.022482991218566895
0.0 0.7246609926223755 0.25895899534225464 0.027522027492523193 0.016631007194519043
0.0 0.7255719900131226 0.4551999866962433 0.0297660231590271 0.02059197425842285
0.0 0.17587298154830933 0.9070630073547363 0.022189021110534668 0.013962030410766602
0.0 0.4122830033302307 0.43700501322746277 0.03931295871734619 0.020255982875823975
0.0 0.7328779995441437 0.5827080011367798 0.03141099214553833 0.01724398136138916
0.0 0.15014100074768066 0.6871320009231567 0.02924501895904541 0.01660597324371338
0.0 0.7052580118179321 0.16756899654865265 0.015164017677307129 0.013411998748779297
0.0 0.45938199758529663 0.45082199573516846 0.0389939546585083 0.04342997074127197
0.0 0.6733050048351288 0.6957539916038513 0.03790998458862305 0.013411998748779297
0.0 0.8536500036716461 0.7430160045623779 0.021663010120391846 0.012135028839111328
