0.0 0.05151783627313128 0.5375260387174495 0.09721466554618685 0.06561149222334484
0.0 0.2827117871149531 0.18352456153282767 0.1407051283906069 0.08298628895328442
0.0 0.9146385377966306 0.5386263771130346 0.15336224041451618 0.09391288926999558
0.0 0.15800246010740207 0.2477541025839206 0.13895526447018786 0.08132035120454592
0.0 0.9165825995476165 0.34042238818169035 0.12246171008509832 0.07542977536715068
0.0 0.3149293674975116 0.7746533456812159 0.09421764279678213 0.06485199457215984
0.0 0.6129801218727082 0.47790198083039803 0.11008301320342528 0.09027495303556038
0.0 0.5032029042500958 0.17206387703957543 0.10985942899073309 0.05895990537493337
0.0 0.12959701824216335 0.6436452397348769 0.09873627372860715 0.0724469955499637
0.0 0.7839773944518436 0.21237558334944787 0.0803379484826322 0.0527390055713835
0.0 0.5415342015163052 0.3774734468705119 0.09218250667175004 0.051535342055520905
0.0 0.8737657568914983 0.1850855016387603 0.06643736246047383 0.04420551094982289
0.0 0.6338040008257426 0.02743894993290508 0.09384596349847196 0.05487789986581016
0.0 0.6700277474891354 0.16723402070509089 0.13929568807248083 0.07785852683195438
0.0 0.44348227090155823 0.40561961341498864 0.08252511551301928 0.03763628804602448
0.0 0.4289373922354407 0.5806307279460016 0.055766848099650435 0.043029611027121106
0.0 0.7588581561216263 0.407425117255949 0.06300063146544388 0.03506162840915733
0.0 0.8264199918094468 0.473804897456947 0.06546913250244923 0.03462742496741844
0.0 0.4023322842192537 0.6415613331501736 0.04355633371855022 0.024557066885406487
0.0 0.29974351455867443 0.8263406934093995 0.05111707762116008 0.025647713960754603
0.0 0.28156808095689373 0.29782544204388006 0.07345404972120975 0.03567782451137369
0.0 0.5335463644691283 0.588892328505153 0.0313354248422123 0.021240504570044116
0.0 0.785561371024011 0.04008334972653339 0.04586435310477155 0.0234604623250878
0.0 0.22755356987264147 0.35062503049608396 0.13500273829390053 0.06100299189975772
0.0 0.7776710919361483 0.650871771856409 0.03913796723800966 0.0244198783990911
0.0 0.27217305024734206 0.4195375036215077 0.07360854538179401 0.039810378278826386
0.0 0.8134890450749891 0.9443383230819986 0.0542495641238403 0.04406349283886213
0.0 0.10168714806023163 0.09703257412111932 0.0461037184525112 0.027649300912570132
0.0 0.6026972116823367 0.9322101654439061 0.03959654571931215 0.03062866131190478
0.0 0.4596903018480064 0.6780829939777842 0.09600500216118119 0.06822274036868736
0.0 0.036414812781883944 0.40225311966270905 0.05229237566749139 0.02570076285979983
0.0 0.2439694195860799 0.2366239326700053 0.04578375055774703 0.028678980416466993
