0.0 0.9700611947476864 0.5617251741886139 0.059877610504627254 0.26408160924911495
0.0 0.17892590686678886 0.33736863613128665 0.2099932137131691 0.21798731088638307
0.0 0.8961957332491874 0.3884769487380981 0.10228513062000277 0.15253926515579225
0.0 0.3049203136563301 0.9129519152641297 0.08308535873889922 0.08474482297897334
0.0 0.5745252378284931 0.3113271760940552 0.1135426041483879 0.28946710824966426
0.0 0.7253645379841327 0.11876575827598572 0.09035354286432262 0.0637955904006958
0.0 0.7608417497575283 0.6177744376659393 0.10802524447441098 0.12682160139083865
0.0 0.7106775863468647 0.7898750531673431 0.1661773493885994 0.11077566146850593
0.0 0.5387503702938556 0.8387504267692566 0.10750171363353733 0.17500061988830562
0.0 0.3624999286234379 0.6562493848800659 0.1800005921721458 0.11999870538711543
0.0 0.44624984383583066 0.5262498486042023 0.08750026077032086 0.07000018358230592
