0.0 0.7722428787897297 0.3806487861538618 0.06909422180138869 0.05805653459964649
0.0 0.9345629167636009 0.7584930053292444 0.08740781085823912 0.08485355794637339
0.0 0.7141698188479507 0.5237038375298092 0.06901915055344587 0.06264906444899704
0.0 0.7924979229671048 0.4529991974115254 0.06844050561416437 0.06014030320172242
0.0 0.5409697356912089 0.5726594361669138 0.05529452306040106 0.04870735375045898
0.0 0.19476417557131587 0.49258020311913475 0.056671715298113684 0.05221373178691019
0.0 0.14906306901862276 0.5640232353249355 0.12335196726455142 0.12070134398067833
0.0 0.6008572016600726 0.5822105853742221 0.05100120213821924 0.05583620303599979
0.0 0.9085234256257355 0.523492800283285 0.06038614950228016 0.0506815387182622
0.0 0.5264599553502856 0.7229096333500579 0.0875591015365304 0.0635855715175262
0.0 0.6717060421334463 0.34904821755312876 0.0463902393024076 0.04725157357530013
0.0 0.7597099251798792 0.262213503203513 0.0694430379252935 0.05663850862902914
0.0 0.448575592358076 0.07410038665014498 0.034867607497306 0.028890137427658162
0.0 0.5412365940238777 0.622985401362591 0.03516146682184618 0.0343103389013395
0.0 0.8723347850236716 0.5004563427732751 0.0345744134455962 0.02774810739128475
