0.0 0.580955982208252 0.9490399956703186 0.07683002948760986 0.08258199691772461
0.0 0.8252769708633423 0.44062700867652893 0.06567597389221191 0.0685809850692749
0.0 0.20869199931621552 0.25337401777505875 0.029018014669418335 0.04173301160335541
0.0 0.4228230118751526 0.16259600222110748 0.032986998558044434 0.04140499234199524
0.0 0.5562880039215088 0.7934719920158386 0.04136395454406738 0.06638801097869873
0.0 0.5190239995718002 0.36014899611473083 0.05798199772834778 0.05070900917053223
0.0 0.6591600179672241 0.6325500011444092 0.033329010009765625 0.03808605670928955
0.0 0.28210800886154175 0.45085200667381287 0.04136699438095093 0.04671198129653931
0.0 0.1791660040616989 0.40202099084854126 0.036632001399993896 0.04554402828216553
0.0 0.04020199831575155 0.7078819870948792 0.048246996477246284 0.054064035415649414
0.0 0.7770519852638245 0.5086519569158554 0.02488398551940918 0.04500797390937805
0.0 0.9029549956321716 0.22637499868869781 0.023287057876586914 0.02697598934173584
0.0 0.7077440023422241 0.6170809864997864 0.027861952781677246 0.04360401630401611
0.0 0.5033770203590393 0.8242369890213013 0.022637009620666504 0.03899705410003662
0.0 0.5905029773712158 0.26708298921585083 0.022726058959960938 0.03178000450134277
0.0 0.26771701127290726 0.863427996635437 0.04264800250530243 0.03235495090484619
0.0 0.043630000203847885 0.6031630039215088 0.02363000065088272 0.02665400505065918
0.0 0.2947480082511902 0.4072900116443634 0.020119011402130127 0.023329973220825195
0.0 0.5442429780960083 0.4295949935913086 0.03200399875640869 0.03698498010635376
0.0 0.3676289916038513 0.29124999046325684 0.022662997245788574 0.033942997455596924
0.0 0.7187079787254333 0.6833239793777466 0.039340972900390625 0.03786003589630127
0.0 0.9731789827346802 0.2718319892883301 0.019436001777648926 0.025825977325439453
0.0 0.6166759729385376 0.2317260056734085 0.022845983505249023 0.03584200143814087
0.0 0.5762879848480225 0.09650299698114395 0.015501976013183594 0.03041200339794159
0.0 0.22870899736881256 0.9149019718170166 0.03508400917053223 0.05104804039001465
