0.0 0.12607799842953682 0.3256930112838745 0.22490300983190536 0.13499099016189575
0.0 0.6432369947433472 0.34073901176452637 0.20747601985931396 0.08304798603057861
0.0 0.8736950159072876 0.8084509968757629 0.18747901916503906 0.0763930082321167
0.0 0.15790100768208504 0.7807869911193848 0.212505005300045 0.13659703731536865
0.0 0.44439899921417236 0.23828700929880142 0.21838200092315674 0.046253010630607605
0.0 0.9498410224914551 0.23886799812316895 0.0894169807434082 0.047206997871398926
0.0 0.8675699830055237 0.39740899205207825 0.22324395179748535 0.07477498054504395
0.0 0.9545249938964844 0.32131099700927734 0.07796895503997803 0.04393798112869263
0.0 0.42318999767303467 0.11429399996995926 0.1578279733657837 0.0645730048418045
0.0 0.6218019723892212 0.13041000068187714 0.06988799571990967 0.05818399786949158
0.0 0.05404200032353401 0.06408499926328659 0.08961000293493271 0.08229400217533112
0.0 0.9095510244369507 0.02477400004863739 0.11484003067016602 0.04954700171947479
0.0 0.6626440286636353 0.6445220112800598 0.22100400924682617 0.046391963958740234
0.0 0.4547559916973114 0.3529820144176483 0.07786202430725098 0.08763402700424194
0.0 0.17171699926257133 0.13216599822044373 0.11363599449396133 0.04497000575065613
0.0 0.5989059805870056 0.8568789958953857 0.12205398082733154 0.14067602157592773
0.0 0.8167089819908142 0.9422069787979126 0.12415802478790283 0.08994102478027344
