0.0 0.957122850925154 0.7769757070636452 0.08575429814969193 0.15223365337025296
0.0 0.5924408096030065 0.2873416933985202 0.10586121527010894 0.057034597027984135
0.0 0.38064816828985093 0.4224906620730432 0.20564647297366428 0.10956760581780006
0.0 0.9947251869446162 0.6296763618624899 0.010549626110767596 0.09193091516456964
0.0 0.09673837819232038 0.3400068425293399 0.19347675638464076 0.18979033524873076
0.0 0.843385653524099 0.3263652813089123 0.14305249341986626 0.06899906233627223
0.0 0.3538925910779517 0.7961321142958138 0.22390912582550465 0.12489128854316545
0.0 0.40261295560954824 0.07336292973116385 0.21946320653890927 0.10390766819684351
0.0 0.8961532899853015 0.49350303083070185 0.19093791628378642 0.11263853943360724
0.0 0.25863711314442633 0.18214416971865216 0.07217502441490045 0.033845034910111704
0.0 0.24943102408262452 0.1461793490801691 0.05250419552212493 0.03145673013506575
0.0 0.462239954706396 0.32758879734648105 0.17317075904698448 0.10419979997920176
0.0 0.36286964894577306 0.2872961389573331 0.10666495238573326 0.060172074976858225
0.0 0.42810617590141575 0.6361124308915496 0.12188406557730236 0.07710212818627848
0.0 0.4216429612351633 0.302040564643233 0.22017106667731068 0.1301099444599713
0.0 0.8577332118092945 0.6822062671235389 0.16515393242576693 0.10552583905709179
