0.0 0.05099371790885925 0.34674583975225687 0.1019874358177185 0.1750048799067736
0.0 0.7157725596427917 0.6759546968340874 0.16253896951675406 0.15607171565294276
0.0 0.7014193081855774 0.2925931557640433 0.16920382976531978 0.1709129022806883
0.0 0.5857585394382476 0.46292791146785023 0.1153290867805481 0.11596348844468596
0.0 0.4164707028865814 0.7133961093425751 0.1553797245025635 0.1572519171237946
0.0 0.15827045381069182 0.47136962208896876 0.11695209145545958 0.12309211872518067
0.0 0.6671102607250213 0.9752150402963162 0.2443808913230896 0.04956991940736766
0.0 0.034451944828033446 0.9560315302759409 0.06890388965606689 0.0879369394481182
0.0 0.4673425251245499 0.8644420892745257 0.11381197571754448 0.10744328543543824
0.0 0.4418011629581452 0.5886999598890543 0.12032861709594728 0.11014413490891461
0.0 0.8285854661464691 0.45008971326053143 0.11269783973693848 0.11933520331978797
0.0 0.6375492060184479 0.7810179685801268 0.15732604265213013 0.14664600983262066
0.0 0.35852501034736634 0.5252188828587532 0.05562633275985718 0.054884110540151576
0.0 0.34882351398468014 0.4047289917990565 0.06660064458847043 0.07539769358932968
0.0 0.2849698269367218 0.6326509303972125 0.1291847348213196 0.12385629571974277
0.0 0.3768605375289917 0.3276555425301194 0.11277186870574951 0.0993789211660624
0.0 0.503859486579895 0.38922906681895253 0.07350593805313105 0.06900592356920238
0.0 0.05675750613212586 0.0838472311384976 0.061742734909057614 0.06546890046447515
0.0 0.4448089921474457 0.9768464371562005 0.10190345048904415 0.046307125687599204
0.0 0.02113622546195984 0.8406037682294845 0.04227245092391968 0.10844002515077589
