0.0 0.7228867813447948 0.04850339020229832 0.10674556595451035 0.09700678040459663
0.0 0.3465268917840326 0.7737631062695798 0.08349191101502651 0.07582004240094908
0.0 0.6888440381943074 0.372494547563764 0.0452866724089116 0.06354847707004257
0.0 0.4984510136707315 0.6138165063796028 0.037007585014556976 0.051110339955389716
0.0 0.5866965134397404 0.3394145802346361 0.06235133774432877 0.06407501502551088
0.0 0.5636759202101751 0.44777578292440323 0.09937984671389244 0.11741266385121718
0.0 0.6309820300686462 0.21944757026585515 0.055458194148954476 0.08001280548457154
0.0 0.894606333734796 0.1341257076003151 0.06294660869436608 0.0982268462713281
0.0 0.7059115665499096 0.201438013862544 0.03232234093776454 0.047364100044508
0.0 0.45236782316790775 0.39802253120576647 0.07351910313959009 0.05331443243921535
0.0 0.2490786639867971 0.12829114268586367 0.14200671772873658 0.1509964532846223
0.0 0.24412218592424828 0.5240561246190389 0.10801982287749354 0.08961107196897466
0.0 0.1300273491454797 0.7891557120886933 0.030524637310525238 0.03727944257024873
0.0 0.6315455655531022 0.7413663271014428 0.03975604531020793 0.04953339284152303
0.0 0.6824408714932402 0.7060868191174157 0.03139409577711605 0.03905668789742023
0.0 0.6642839636813214 0.7999659893014185 0.03062614678658604 0.03507391805716509
0.0 0.45335193449520117 0.051847950222613515 0.09907790668726207 0.10369590044522703
0.0 0.2638548092689399 0.8082459466366019 0.022872928354040367 0.02369361341913534
0.0 0.9707984845992965 0.36554208585433456 0.022911541651214118 0.028065154290061456
0.0 0.46462069393834504 0.8344523922749477 0.09404783736135441 0.05495057779129486
0.0 0.7201948051780132 0.7158752600628053 0.044927128475396594 0.04846765091479488
0.0 0.908891969228409 0.6117558981335179 0.07415003794207076 0.08337685121624161
0.0 0.9143653387353344 0.7081969159522619 0.044853565729427114 0.0790964074081667
0.0 0.20642719262921422 0.7446909858270205 0.04986480620169961 0.04834769242697812
0.0 0.08810218366838593 0.7563423241142051 0.07157446526637183 0.04604491383286147
