0.0 0.476453811548235 0.18765367681710654 0.06378821306254745 0.08307446311511327
0.0 0.8352250055510474 0.0947326225493775 0.08962781805385989 0.06477460712180026
0.0 0.531359695615923 0.040827575901848635 0.051068813128787416 0.06569471930043626
0.0 0.07655136804413709 0.3049967074966459 0.0583350280613929 0.07130701348670121
0.0 0.24568886826890074 0.6883853445196793 0.06452576854159334 0.0796174387287577
0.0 0.8276433528860931 0.8093648380087073 0.0873417001241652 0.11533653184639492
0.0 0.7213210469898206 0.6440242786604161 0.06925000363920841 0.07786090699822301
0.0 0.03986296427879309 0.5101229799169289 0.022329347836073574 0.02452210717453307
0.0 0.5366930626070359 0.6729262174348483 0.0476647979618855 0.05934074211629736
0.0 0.2131608134179538 0.18739505163327005 0.06633970302837436 0.04868969134480172
0.0 0.7238496608389539 0.10328380712984639 0.045597441170486475 0.05324864656793754
0.0 0.40168386303514714 0.47321498829897224 0.03933396718284937 0.04866093454212084
0.0 0.3728693323141453 0.39297181281117993 0.02743340307077219 0.04120865520520911
0.0 0.5958634705559708 0.9577559269098551 0.04161134726971083 0.05626449384232535
0.0 0.7362089172787553 0.446651626221071 0.05263566613513038 0.053088448059671334
0.0 0.6176476138145095 0.5876766566292346 0.03226797747983101 0.04227994417225567
0.0 0.8663447955705689 0.44312414470179307 0.036004530479887054 0.038800060247025925
0.0 0.8605065787610462 0.5642600596042204 0.03716335984212593 0.05653083780900092
0.0 0.5041438213256729 0.28471647841949016 0.0764342356167309 0.08704831336075394
0.0 0.7247884242374989 0.16446762182656965 0.027563485930225617 0.04858652947841355
0.0 0.927897428324598 0.28161565001326183 0.024035400360409076 0.029570698170489018
0.0 0.9289071755844989 0.6030509061160306 0.042389838493047116 0.06470731743107838
0.0 0.19218137231562654 0.4332005616490108 0.02733953281463719 0.04557645024641582
0.0 0.20085280736349048 0.05798641417510282 0.01912962563768414 0.024797868365440408
0.0 0.13081259610710036 0.6360442977375309 0.026997428567116455 0.03830273697469644
0.0 0.6122248878184995 0.2843293322435948 0.05592663235621642 0.09008137016334264
0.0 0.918809307661697 0.18438457327850594 0.01867220533766656 0.017865502362802765
0.0 0.08955953810754519 0.71483222206314 0.018784299413778918 0.020887701396388514
0.0 0.2534370157560066 0.319607136604883 0.01449693433956542 0.01944169895285708
0.0 0.9612296366788382 0.6874173037598215 0.03847156200542956 0.06191618948912647
0.0 0.8783058496840261 0.2544770544545067 0.036337203091109216 0.032282410832619624
0.0 0.5190950102883092 0.223197134683416 0.027161919016052583 0.025833103251963307
0.0 0.3298262886024662 0.6777105015344698 0.022063499314697144 0.030777756687447977
0.0 0.4760377271137751 0.8587375287066145 0.03020437528057368 0.0243566396824193
0.0 0.07980076735313821 0.3712109846547468 0.02098551197988202 0.027842985958669575
0.0 0.06909518272480336 0.24899865133658644 0.022044032983259902 0.013994406990488373
0.0 0.9135668823522891 0.64410444084284 0.01676442854400262 0.017050958715720488
0.0 0.8910993828589605 0.5891769887229319 0.019373185381581504 0.02763764036189542
