0.0 0.07775383692169047 0.3922625565570308 0.08420158596756681 0.08407850435555303
0.0 0.22465183118861923 0.7501649028963938 0.11475817281410577 0.06435021642689343
0.0 0.888119973820819 0.48128454512989105 0.10914227435332968 0.06746629233607532
0.0 0.3699642010549948 0.7180721611258369 0.12253571244347572 0.07102458035180625
0.0 0.5992968870105908 0.4730680149698657 0.06935330906108705 0.05453322989749715
0.0 0.09674700960283467 0.5008932078841739 0.06292850147823387 0.03793894158863992
0.0 0.4982675535906018 0.18246021803739232 0.07285065320941758 0.06018140182398035
0.0 0.6572368119185144 0.8243266111005847 0.0657619080662376 0.035862726766324404
0.0 0.5300777207093388 0.849983441764943 0.05288790843258773 0.025114383207195834
0.0 0.7799546919521985 0.33619132864050943 0.08697893409128665 0.03645187337869982
0.0 0.8507273309070006 0.25635726077128446 0.08076263045085597 0.03904052942664912
0.0 0.7378884035563428 0.11721493265636201 0.16695633257484288 0.05827574203752474
0.0 0.8194811376627251 0.5918257948712223 0.049993451900269714 0.031167610341828356
0.0 0.8732090960801042 0.11998934464473018 0.04999009314009695 0.03667652973147939
0.0 0.954354382172954 0.9694525919244796 0.05690952165390373 0.06109481615104073
0.0 0.5857582335637956 0.3444542358949223 0.05215199670846782 0.04195851177942983
0.0 0.9517490355173657 0.20548320881330698 0.08982419438987688 0.05547513303570073
0.0 0.017974830400982408 0.7069798312909958 0.035949660801964815 0.044713853348854915
0.0 0.17785858847690533 0.49914919577614425 0.0637340921315416 0.02576820331331736
0.0 0.5352069303178122 0.13739100048936376 0.04930254201352957 0.022829355647084465
0.0 0.9359028747076916 0.6684625923068772 0.08135647490796039 0.04393345071618715
0.0 0.3439203039761981 0.28484972156098 0.039910358338855145 0.02161484109203593
0.0 0.3638192140873215 0.6106096860486484 0.12891002787930428 0.04506592039123514
0.0 0.5869337604712889 0.7391727504664799 0.02863926361348379 0.02460314299838995
0.0 0.9177417628998388 0.27140229644057845 0.030212530952980376 0.017388813920620805
0.0 0.43068434042246395 0.9786749782662807 0.02768826269902286 0.015378559924913326
0.0 0.30850880325731317 0.340801516746995 0.035084120511064465 0.031061157373104387
0.0 0.20195616356570162 0.3010559909418784 0.0231396222926398 0.01620973956365729
0.0 0.022316292796673073 0.179835141237988 0.026711369190809083 0.018676271639341685
0.0 0.8319001502391691 0.2980105149921883 0.03195065699862054 0.01698254732954174
0.0 0.6953340442540095 0.5851004859501774 0.02901149172926576 0.019477536400681283
0.0 0.5720480336610656 0.6075609147662775 0.038630326342623644 0.019024848635830538
0.0 0.3505363600115705 0.5280575842426366 0.040773712643978666 0.03721755167262386
