0.0 0.24694592028856277 0.2050327968597412 0.06544766753911971 0.07827682495117189
0.0 0.169274118244648 0.7545992088317871 0.08264283657073976 0.10400962829589844
0.0 0.579021566733718 0.023250792026519775 0.06423828676342958 0.04650158405303955
0.0 0.6612699015438557 0.6648519706726075 0.055374046862125326 0.07748165130615237
0.0 0.8321811214089394 0.5278760147094727 0.044032557606697 0.0477952003479003
0.0 0.2782517769932747 0.007025597095489502 0.061287255585193656 0.014051194190979005
0.0 0.24966771602630616 0.33333842277526854 0.04201237052679063 0.035447978973388694
0.0 0.7504794791340827 0.23255598068237304 0.045519311428070086 0.04255199432373047
0.0 0.6721716605126857 0.06034318923950195 0.06951449900865547 0.05924639701843262
0.0 0.31001383855938913 0.7275320243835449 0.06336488932371137 0.057492828369140714
0.0 0.5953957936167718 0.1989656162261963 0.03788294792175295 0.04411678314208983
0.0 0.37859639108181 0.013869199752807617 0.04495623618364336 0.027738399505615234
0.0 0.43224115878343583 0.8618135643005371 0.03940669298171995 0.04533920288085935
0.0 0.18466088116168977 0.14143120765686035 0.03924023240804672 0.03091039657592773
0.0 0.6094150137156249 0.6913560104370118 0.03415510073304173 0.03170719146728518
0.0 0.5604166273027659 0.34638959884643555 0.027777419239282564 0.06666717529296873
