0.0 0.8358619809150696 0.5051000118255615 0.17689299583435059 0.09199297428131104
0.0 0.6758109927177429 0.27082300931215286 0.14031493663787842 0.1095070093870163
0.0 0.6256210207939148 0.6641839742660522 0.22299396991729736 0.13484597206115723
0.0 0.2761070132255554 0.3594279885292053 0.18055301904678345 0.0939750075340271
0.0 0.6061339974403381 0.08421999961137772 0.059811949729919434 0.03864900767803192
0.0 0.9045529961585999 0.7316679954528809 0.06511104106903076 0.06478500366210938
0.0 0.23871900141239166 0.14930399879813194 0.29173800349235535 0.12804199010133743
0.0 0.3149949908256531 0.13296300545334816 0.12695097923278809 0.06153600662946701
0.0 0.5325670093297958 0.8124889731407166 0.17833498120307922 0.04489398002624512
0.0 0.26211000233888626 0.2663930058479309 0.07093201577663422 0.031400978565216064
