0.0 0.37296454552491565 0.5793371262265434 0.08486550705275725 0.09984494506435126
0.0 0.18934180949786222 0.46806249391014987 0.09288429531862455 0.0831787576778899
0.0 0.3574164272195386 0.21667300237419862 0.04367818589259398 0.04775280804625895
0.0 0.6487084379517504 0.6685499490169555 0.0446942210236112 0.04492355567794426
0.0 0.4039618333665461 0.8557828365306139 0.04787083808882264 0.05356835887870226
0.0 0.3115028737133138 0.8508614011349891 0.05558687471539703 0.06319387478799754
0.0 0.5277146517192699 0.7191954431488485 0.03275910705860119 0.037067266984626035
0.0 0.1319373375234558 0.5721052937857234 0.06048620046392429 0.07410703284698161
0.0 0.31597409269374843 0.3158038216169714 0.04792472157530331 0.05957764092430878
0.0 0.7300198598687283 0.5903302756546239 0.029992478522794963 0.030662256178176417
0.0 0.8518976927652131 0.4467413382247873 0.025951633951199038 0.030271601119807534
0.0 0.43069951795074846 0.3965406101949421 0.02551160779254308 0.036576609082807354
0.0 0.3878362521626071 0.66077666743373 0.04012135191313898 0.04158267195713705
0.0 0.6156943764512878 0.6328831584383368 0.03512249588161964 0.03380284735099559
