0.0 0.5871568982747808 0.2582113624245641 0.06320424496222465 0.04995830398657164
0.0 0.2357366757826216 0.7637855278316896 0.04850332271952967 0.03221244500012588
0.0 0.5574168129707319 0.4555259757600607 0.10057039819659397 0.059436872539088303
0.0 0.6496503558168847 0.47108186106915595 0.08606813536230506 0.046295272961776046
0.0 0.7447186410150031 0.7305479736744573 0.07135177565638584 0.04818137023554192
0.0 0.9137835590669856 0.645229056099968 0.08182123855660184 0.0480630185576405
0.0 0.5224255053323947 0.37732309530928543 0.041200546250639736 0.024921055521400448
0.0 0.4783382744752517 0.27613456932034286 0.11235762282908363 0.08498732820285862
0.0 0.7958844430884868 0.6499823235086684 0.05529514506194666 0.03289131310301441
0.0 0.4162614321199064 0.3821424037937282 0.06308845088009157 0.02837493724588408
0.0 0.022245047482480483 0.12051750315285874 0.044490094964960966 0.02605574453500245
0.0 0.18988313225517844 0.34498753785306213 0.04693679411649326 0.027452154291914777
0.0 0.6354278129342941 0.16211134594270632 0.12662637315919312 0.051370253518769254
0.0 0.48819305661935253 0.07538649660848082 0.04122675923762603 0.035017678295936196
0.0 0.6227952546910211 0.6571850110350312 0.07540698430840409 0.04406107013380567
0.0 0.30573269230603606 0.5258841131208064 0.09107776485746916 0.06152559650341999
0.0 0.6421951384811859 0.5356344305862086 0.060985481178377876 0.03199059118664749
0.0 0.39227150284290774 0.23271421420182264 0.04637973147653185 0.03452179893040205
0.0 0.30598117626912813 0.4076098573890543 0.03971951116834288 0.026101522421488166
0.0 0.18374755249009123 0.26472137272310625 0.05539091008555588 0.029905102618559165
0.0 0.5530564253465733 0.7989839124125349 0.09418572764126643 0.0760762294784677
0.0 0.36967044348618583 0.6009164094613213 0.043300196441800665 0.03260887456509354
0.0 0.3450481998056093 0.2687200879796776 0.052273341881102664 0.030210082250260117
0.0 0.5720336248853597 0.7030855172848014 0.04831693082550503 0.03419374445721346
0.0 0.6883032572489125 0.6375835174925872 0.04799930811744557 0.037007700731957915
0.0 0.3503072570153296 0.6630929912636601 0.04338762832207527 0.03613934814159159
0.0 0.13228476950557017 0.48463279018402783 0.11476397343578547 0.05543096782734719
0.0 0.2866909404600968 0.14438529200292136 0.04454828620358775 0.022308768165303194
0.0 0.18330065034220488 0.3967182036420972 0.03961881774958395 0.023249085337558928
0.0 0.6341699406257046 0.3480586815853828 0.06263434449059324 0.05557055156308954
0.0 0.886837465632594 0.7132273523260455 0.0594111648739295 0.030648093825511258
0.0 0.6516295222572765 0.4311894783262835 0.07958002869886893 0.033831422425410984
0.0 0.6746947910517134 0.2017337179836624 0.04137152602259986 0.021338602864853423
0.0 0.14546921085323258 0.3151123103569299 0.0274906854466907 0.021472593014998487
0.0 0.16919962089725837 0.16005032577221023 0.043996651152692495 0.04851379976453177
0.0 0.5281552795611515 0.10735117753670062 0.03900182835667976 0.03214992174973057
0.0 0.3932425330383103 0.964032535208565 0.04110579166313311 0.023307352698750283
0.0 0.17799594308378675 0.7117770754662954 0.03406301062956435 0.01817248336567112
0.0 0.1943438059914202 0.5586970181451065 0.04555682502156702 0.05547233625767867
0.0 0.2338320947686019 0.20081996036620037 0.05422816743303935 0.03952785533329253
0.0 0.6695849616662064 0.7316097438668432 0.06511324278904274 0.04773261312546595
0.0 0.2271464089245186 0.5079292215348525 0.03944280929232413 0.029907641927482687
0.0 0.4614389229755208 0.7580732734332649 0.03279763361912108 0.028237190685907465
0.0 0.4634423765743362 0.214140775278939 0.03401347267022409 0.03456000079497626
0.0 0.29365792009526526 0.8321615855619617 0.1388158222595342 0.0389553742941382
0.0 0.5816726667429943 0.3083050276804188 0.02604692120426766 0.016205008082446792
0.0 0.44993226852671686 0.12335100163920301 0.0437114179726788 0.027807299624156803
0.0 0.25729707949826014 0.9145712762919065 0.04125432671672524 0.02861163701003866
0.0 0.6879396029828717 0.6014766228740678 0.025733565695909566 0.016124449735502977
0.0 0.13002564435889358 0.4356987299023298 0.028207339568303083 0.018180118673470136
0.0 0.2190292218908895 0.4724404239426139 0.054886057394215815 0.026637186154908676
0.0 0.6996948609217771 0.33153849357310683 0.032504744534733065 0.022206539358624156
0.0 0.739256982632886 0.573250929846238 0.03946620090814523 0.01690276859193085
0.0 0.6133666363208842 0.6043097150636868 0.056541482695721124 0.0383409440958562
0.0 0.3464146049586383 0.46873886992676284 0.0413344282211045 0.024951371297887437
0.0 0.7840868135525018 0.5644989998529577 0.04154609977794843 0.035638160546994535
0.0 0.8006437412991532 0.6120794534273092 0.0308600782645575 0.022180072175925547
0.0 0.7825959128839289 0.4257521351159017 0.03262924454173599 0.016768696516111292
0.0 0.5014954158549969 0.756836977308228 0.02887373444690111 0.02339736268722581
0.0 0.4979337236172727 0.7279235882095396 0.058316196483005234 0.026436923503304288
0.0 0.11210288390152137 0.39914641633030257 0.053789629169594136 0.03299814069543083
0.0 0.07810808398274949 0.37144642658837423 0.07110556205110076 0.029410730864055823
0.0 0.021410213751829926 0.26021576493201376 0.04282042750365985 0.10076623857185266
0.0 0.3871390581008164 0.4915020125890408 0.04674025382128899 0.022178130321005407
0.0 0.8603521470220903 0.40529364737627227 0.02460646637157693 0.00988676287483281
0.0 0.4127749686092387 0.5662042947328427 0.04651043992116316 0.03738716340358372
