0.0 0.5511846170074817 0.21885731368728903 0.07813088735417184 0.09428275256479118
0.0 0.9000861067218233 0.28298974552851663 0.09335051632486446 0.09026634913135342
0.0 0.64550390825508 0.1103732535082978 0.06229391401818096 0.07482085227109131
0.0 0.1580340717314878 0.15965595386546744 0.06997608424356336 0.08243209325625635
0.0 0.19068058085098788 0.5709952574899655 0.07763720965816201 0.09178380327242197
0.0 0.6727739780923421 0.917413463974355 0.10748230219183275 0.13038575680660403
0.0 0.6289012479899618 0.726339433015724 0.08092239690724967 0.09234066035167776
0.0 0.06198276261095413 0.3276159152841188 0.02590843351192751 0.029300521822660686
0.0 0.45519017288086727 0.6764606332978661 0.05751706470438428 0.06822897490829027
0.0 0.31625963813861513 0.1107263129161647 0.06933091193289825 0.0674180575251093
0.0 0.7980379210865212 0.24497554132503985 0.053909708906756615 0.06241120202759878
0.0 0.3963199173068955 0.44296797881658223 0.04736677108842213 0.05605349786329411
0.0 0.39536533621109204 0.3595737134212401 0.035335080473303915 0.0450011264965508
0.0 0.4201010576815405 0.9548088152557961 0.05162287559003159 0.06318747293523674
0.0 0.7031014026004652 0.55636246473386 0.059580961830602464 0.06523678568497493
0.0 0.5537561191274314 0.6335846604227551 0.03960427712274406 0.0479018085953532
0.0 0.8203441078982687 0.6065466329223264 0.04154148652174894 0.04664373111505005
0.0 0.777748987539696 0.7122206668699645 0.04809099541501394 0.06153591148784221
0.0 0.5459447343869785 0.3167957001166115 0.08966855590504008 0.10282210309039069
0.0 0.779993681126639 0.299942967899416 0.03777410786419522 0.05104997343167994
0.0 0.9251272039119338 0.48768816651787483 0.02889204601270423 0.03411875881209947
0.0 0.8268292496473201 0.7748576746644655 0.05492583731620804 0.07037384956937742
0.0 0.2216753642946434 0.32141434164601485 0.036640093274072555 0.048510358190061664
0.0 0.34521123881840116 0.0021629978552928824 0.02339434268067042 0.004325995710585765
0.0 0.10429976356012088 0.4772237490550214 0.03406163854001619 0.04245709830557248
0.0 0.6425330477898932 0.3607430967286232 0.07395555539356768 0.09667406424950253
0.0 0.9470223203267211 0.3972229126527532 0.02083009064090069 0.022356469908995702
0.0 0.04316392877672111 0.5306053247895006 0.021876999307340418 0.024858956216755934
0.0 0.31140614891562013 0.24517969303808418 0.017934167182935223 0.0218836382420656
0.0 0.8296423875774062 0.8633678962950058 0.0508576661502993 0.06646067333744676
0.0 0.8892390784495907 0.44315438806828034 0.03975071723272461 0.04148811784191869
0.0 0.5782752587075605 0.26804081656962325 0.030251809613733194 0.03239511477721457
0.0 0.26907267450838046 0.5959525322603474 0.02767067107146909 0.03427133411819672
0.0 0.34370779462326295 0.8173676146971215 0.03225832140857138 0.03247324410046315
0.0 0.14049974500134665 0.220058031056903 0.025866162688333888 0.03143424791498006
0.0 0.16866072732577236 0.10664388688852534 0.022347064962778662 0.020627381028342495
0.0 0.8004674485004876 0.8051953401044638 0.019021510016622445 0.020893506299085263
0.0 0.7973652030543776 0.7469865733796159 0.02449043688091468 0.03059030835791199
