0.0 0.3441036799182261 0.8461770204343213 0.26627438916206553 0.12245322058779684
0.0 0.5233133124230057 0.09952303441131781 0.19288106182916032 0.06785103341681895
0.0 0.22746346599859704 0.23496506526422573 0.18991793195239176 0.0845275199301643
0.0 0.3015193516594605 0.649744677539377 0.18778333490628216 0.06151461841926076
0.0 0.42075015589749154 0.9997341850557625 0.10686049643881684 0.0005316298884749937
0.0 0.14800427820431397 0.4513782545617787 0.11879142481614217 0.049049555383675114
0.0 0.3518677846330105 0.7470242763881793 0.07079322205195965 0.027246124174620467
0.0 0.4645430696775076 0.417437354499819 0.1088720776540193 0.03935424307337898
0.0 0.7929000107166648 0.3912511612071904 0.17484204593086727 0.04868170716614273
0.0 0.7941159521966894 0.2789425487464561 0.07985381364667432 0.04218964283374066
0.0 0.9041113926302482 0.9750556777400358 0.0472183024498668 0.02278616640280129
0.0 0.37613865151634973 0.9388443368511168 0.08230859062240103 0.028219075260661253
0.0 0.2949170230860909 0.9421076734414321 0.05995412198899891 0.0186212364725189
0.0 0.0725631763088649 0.6227717737969423 0.05519149612533453 0.02198330963508155
