0.0 0.3718806460591602 0.012768818302373405 0.061147619837187306 0.02553763660474681
0.0 0.24208958773877626 0.14610081400799924 0.06861139706249472 0.22307004670997319
0.0 0.3399177356132519 0.5727551160753411 0.06794596124629088 0.19589202690916402
0.0 0.7004589647508608 0.8348728187012837 0.0348146446644656 0.11618303959442577
0.0 0.6551728175732794 0.5903640964562857 0.05665247333051815 0.15094232620380432
0.0 0.18786866748431907 0.2967281525528408 0.025952692674931693 0.09136888122249226
0.0 0.25321614483706856 0.38531052947115285 0.033640471420917306 0.11437743323420535
0.0 0.6296022937017908 0.9622238673907674 0.03759707150049452 0.07555226521846525
0.0 0.2153072296339012 0.5264835339818281 0.026796671117297527 0.08138222665862382
0.0 0.3988547211218961 0.6041176511622102 0.03124159371328178 0.08858993209706112
0.0 0.3222507578272922 0.15945592071464593 0.017589688872772458 0.055378665540997934
0.0 0.3505614601338446 0.1922642884290422 0.024125287021636355 0.07057695388163424
0.0 0.5983181122716397 0.554556259747885 0.02287360412485595 0.09311886426101024
0.0 0.6713777940825834 0.4429086501142102 0.023020015163021323 0.07646400585945956
0.0 0.6483248641778285 0.46567599930819753 0.02045082899607309 0.04926577387828335
0.0 0.6061933858362948 0.9078124569755696 0.017410196659807475 0.05585594200810129
0.0 0.5197469875607242 0.900388356109787 0.03433348613188136 0.10708335593614471
0.0 0.44194484157712166 0.9736347807884396 0.015014285233048208 0.04890191183267267
0.0 0.43660500447922446 0.7146758742516661 0.026693544656493484 0.09777365271807226
0.0 0.42686509047556165 0.6381124580411801 0.008891195097323112 0.0266938869800869
0.0 0.23615259838412384 0.47609736262239766 0.012518486513047267 0.03333964215338897
0.0 0.43036835871073165 0.8731816973708046 0.013423853710115508 0.050163319768751324
0.0 0.2776109931717391 0.5125674403336062 0.009517288225874498 0.03538675822559639
0.0 0.5119279542309846 0.4733741596251255 0.01677774245081043 0.06788365358611692
