0.0 0.3352450132369995 0.6109020113945007 0.08017098903656006 0.060137033462524414
0.0 0.34946000576019287 0.8267120122909546 0.05019199848175049 0.08296597003936768
0.0 0.6542500257492065 0.774278998374939 0.03603196144104004 0.03333902359008789
0.0 0.3839710056781769 0.31881698966026306 0.03120100498199463 0.03670299053192139
0.0 0.10103499889373779 0.46862998604774475 0.041262999176979065 0.03573000431060791
0.0 0.06221200153231621 0.556302011013031 0.04934000223875046 0.040838003158569336
0.0 0.2818079888820648 0.41009700298309326 0.028825998306274414 0.024182021617889404
0.0 0.22900300472974777 0.8371509909629822 0.06137700378894806 0.04092705249786377
0.0 0.545678973197937 0.7719489932060242 0.04986906051635742 0.03186202049255371
0.0 0.49237900972366333 0.27562400698661804 0.021679997444152832 0.02429097890853882
0.0 0.6785740256309509 0.22170400619506836 0.02414095401763916 0.01856100559234619
0.0 0.5267090201377869 0.6325070261955261 0.03354203701019287 0.013767004013061523
0.0 0.2689329981803894 0.5636720061302185 0.02981501817703247 0.03212296962738037
0.0 0.40061599016189575 0.3640510141849518 0.02236098051071167 0.029828011989593506
