0.0 0.42461868025404903 0.5306817535742561 0.03499787061533782 0.052194182208920026
0.0 0.8272223959267708 0.32126356658483074 0.043388542558944754 0.09148715417726638
0.0 0.327233359676624 0.5033313670084455 0.027497642125207777 0.04746685565707187
0.0 0.04388323638478975 0.7428878625656244 0.034663829927964684 0.05420831585428143
0.0 0.6676047011558819 0.6014048477654976 0.045492692316202676 0.06674279863031596
0.0 0.33644107294383974 0.42847578013058907 0.02254644351103402 0.03420995973806479
0.0 0.23685487643673409 0.41593623909706007 0.02485254923345409 0.029626128963994525
0.0 0.3358807477316098 0.27700797833232627 0.047308994142218175 0.05217358868013372
0.0 0.13245958491119028 0.2908199968783113 0.024811707620382942 0.058033451546422754
0.0 0.3656620409400135 0.20767045303418397 0.027096139482365 0.05563380730732287
0.0 0.4823907899967952 0.5330028166459224 0.01653110495678406 0.03307467577189449
0.0 0.22722658575115967 0.11413176741909759 0.017908534643065965 0.03592272438830396
0.0 0.6580585098276142 0.4929549098522339 0.027552756658089872 0.053057012060888475
0.0 0.22367943596213308 0.5929161021800748 0.02792163259587782 0.045925807017485054
0.0 0.06928682302712309 0.8668746140588468 0.060030733435992516 0.051428840078908244
0.0 0.5723672319890909 0.09566651228974861 0.019915846373277146 0.03273624325198374
0.0 0.1944953928339792 0.23081900464254912 0.02162177376913052 0.032352886760169036
0.0 0.6321763526662938 0.22649273427118635 0.033564802003474115 0.04107835845643787
0.0 0.42587910855845323 0.2691329483039373 0.02069990750287637 0.03129036236418853
0.0 0.09921228660841658 0.46110202187030236 0.027656385897963334 0.042821195614545726
0.0 0.44142300162700726 0.15248579917429236 0.0187056309877921 0.034170664687175556
0.0 0.23057003361188902 0.31995910011668127 0.026331413707565754 0.03596067262685265
0.0 0.2405529942661488 0.4595324346896517 0.01737490439853459 0.02935026239100369
0.0 0.2824249357924485 0.5361859009897582 0.019828012898279734 0.028993472088387984
0.0 0.1581280557841635 0.4140274780809919 0.02222687741949106 0.027041900387050566
0.0 0.3964914012976578 0.5809020012218135 0.015084059836805663 0.031003044954517778
0.0 0.7173528844541907 0.4029472511433264 0.02068260243030995 0.03267540459527063
0.0 0.6258297767888619 0.509738344630768 0.017863028566558525 0.02509566414765807
0.0 0.8639547515670103 0.1400967038347562 0.017938584539846758 0.03175608114529285
