0.0 0.7055510111730896 0.8258623126411125 0.2538547090288773 0.12500867280273353
0.0 0.4276495612754788 0.04477303430348564 0.18712470555653393 0.06755291239584293
0.0 0.7397550949281297 0.17789722050506873 0.18149653764045548 0.08606037428923616
0.0 0.7216099887958669 0.6174523826456075 0.18288511178634936 0.06075608440574698
0.0 0.6528531313770644 0.9954189487024225 0.10259087738882622 0.009162102595155042
0.0 0.8476474334645179 0.40339639174563946 0.11411778092245639 0.04961444030338774
0.0 0.6845807393828964 0.7216152386326627 0.06831637756797926 0.027378124394248804
0.0 0.5285509883987018 0.37791965823824925 0.10545885364321295 0.03929477556934757
0.0 0.1987469492551448 0.361000154895884 0.17161681037949605 0.0470896542139978
0.0 0.18252522024233114 0.24267481220250725 0.07527970562305988 0.043519488020785785
0.0 0.16627392179968423 0.9799033068361991 0.044849401512736364 0.023349777668000393
0.0 0.6861041182543915 0.9245685942595483 0.07996640093814711 0.02801606496497322
0.0 0.7672540479634516 0.9253664264176609 0.05854856571366884 0.01827406710973467
0.0 0.9455285942161816 0.5815788697246317 0.05314525891907751 0.022162729096804057
