0.0 0.8490293097496033 0.0960726560652256 0.21421686261892325 0.1921453121304512
0.0 0.9585017024725675 0.9777898573875428 0.0829965950548649 0.04442028522491459
0.0 0.08739116057753563 0.03858356937766075 0.17478232115507125 0.0771671387553215
0.0 0.18871673762798308 0.9671748274564743 0.1565736186504364 0.06565034508705136
0.0 0.9980288447439671 0.7860589283704758 0.003942310512065839 0.08727741837501524
0.0 0.12399549141526223 0.7554057854413987 0.1259365126490593 0.15321695208549502
0.0 0.6362876634299754 0.00016999781131744386 0.18251124501228333 0.0003399956226348877
0.0 0.8260586759448052 0.6306360739469528 0.20127131223678585 0.3877119183540344
0.0 0.9781779888272286 0.3382638919353485 0.04364402234554288 0.328390172123909
0.0 0.7720339800417424 0.8869902658462525 0.04660918593406682 0.06144114732742312
0.0 0.059746182784438134 0.5437716889381409 0.11949236556887627 0.07838911414146432
0.0 0.37902693450450897 0.5670753847062587 0.09957542449235912 0.24788161665201186
