0.0 0.6963300108909607 0.12430399656295776 0.09399998188018799 0.15174901485443115
0.0 0.4966530203819275 0.18360698223114014 0.134240984916687 0.19022095203399658
0.0 0.317425012588501 0.9127969946712255 0.05081605911254883 0.05968500301241875
0.0 0.07434800267219543 0.39635801315307617 0.06672996282577515 0.07966101169586182
0.0 0.3981209993362427 0.04187798500061035 0.10920798778533936 0.07672500610351562
0.0 0.8243100047111511 0.47489701211452484 0.09799301624298096 0.10616001486778259
0.0 0.7692509889602661 0.280987024307251 0.0693429708480835 0.05397200584411621
0.0 0.5332019925117493 0.7287819981575012 0.06358599662780762 0.12999701499938965
0.0 0.11974099278450012 0.2143089771270752 0.16206496953964233 0.1363680362701416
0.0 0.9099940061569214 0.21358799934387207 0.04645204544067383 0.04340505599975586
0.0 0.8389620184898376 0.3635150194168091 0.039415955543518066 0.10515403747558594
0.0 0.37809398770332336 0.2196270227432251 0.08834999799728394 0.17074096202850342
0.0 0.3956330418586731 0.555747002363205 0.05138099193572998 0.06494802236557007
0.0 0.3530830144882202 0.7695329934358597 0.019268035888671875 0.05087599158287048
0.0 0.9721980094909668 0.49601103365421295 0.050047993659973145 0.06318297982215881
0.0 0.9129250049591064 0.04701697826385498 0.05192697048187256 0.08654296398162842
0.0 0.9822329878807068 0.108489990234375 0.029978036880493164 0.03720402717590332
0.0 0.28123000264167786 0.27376502752304077 0.03291600942611694 0.10716402530670166
0.0 0.24470096826553345 0.19745200872421265 0.04014098644256592 0.03896903991699219
