0.0 0.4807676910572972 0.06626459026751558 0.0968491701877845 0.048982471373765615
0.0 0.693439066832237 0.08391813477917909 0.06959115399047111 0.04117756958848924
0.0 0.4189605160083084 0.7564163172670675 0.05816731108123241 0.04075359160489622
0.0 0.3435315887792256 0.36452410842775285 0.04801532777639639 0.03227250343895799
0.0 0.5559570351348484 0.6083283014922702 0.0559853544892841 0.032541721515903066
0.0 0.5531974056807387 0.3883864836313386 0.037205133252584344 0.026769167981953834
0.0 0.28394593108156496 0.621695891311546 0.04278716610391259 0.030758485451079398
0.0 0.41840911687489835 0.10920150007881424 0.05812350021571555 0.03446794196227938
0.0 0.44389547692564923 0.25996542955478974 0.047696853577814835 0.03269241517982474
0.0 0.06312262577709772 0.28966000757940147 0.03460425878355288 0.021314723815393177
0.0 0.6534878605159002 0.6002407435100368 0.052774071937129685 0.034856341602039764
0.0 0.9768226860011213 0.5189987201247419 0.04635462799775747 0.02991144840519211
0.0 0.22766201220995225 0.2954883051022232 0.03363408656512892 0.023369538991119265
0.0 0.1320344157079949 0.48746902084643384 0.028480400571416487 0.016314261704311273
0.0 0.13825279762010367 0.5904593057710066 0.03135566185903857 0.01926491003016284
0.0 0.004340415081497012 0.3350352697680715 0.008680830162994023 0.01743410689474495
0.0 0.20660461106040767 0.45620213698724543 0.03150794205696125 0.020214967301523
0.0 0.9740209464416728 0.8051909635921869 0.051958107116654384 0.04138274338983705
0.0 0.7211729675479643 0.6223812613836381 0.04859547604209735 0.029880018788825624
0.0 0.4853021197790144 0.6636306564496159 0.032853263628518314 0.020877911133317606
0.0 0.07734105278445355 0.24066331045260975 0.054923303654426145 0.03068683034330899
0.0 0.15133351780168078 0.3066616571597631 0.0348420319483107 0.021532786420335126
0.0 0.2629299539639805 0.5006766508629342 0.039175350208357024 0.02586162658414204
0.0 0.5406537413669763 0.42459537895956534 0.04776366731241022 0.027300487233267834
0.0 0.3292647113921037 0.6279836859956667 0.03877011533149044 0.022859599253486462
0.0 0.9250673615069809 0.6230480863632758 0.036412415100925744 0.021827635909333454
0.0 0.11681845306061449 0.21278813718089729 0.02163141943558608 0.016060917487552534
0.0 0.5052506169388197 0.4469795902547692 0.06074757084308052 0.050132489739810326
0.0 0.44882572423268396 0.7286005438920274 0.042552084643246224 0.020279805984702914
0.0 0.3100312242670048 0.8087358931723434 0.026877258141865756 0.0160049553694821
