0.0 0.3120356631278992 0.928597463145852 0.3801934719085694 0.14280507370829587
0.0 0.8808546257019043 0.44911305740475654 0.16665658950805662 0.1507920998334885
0.0 0.11389616250991821 0.2981339281797409 0.14647886753082273 0.1559424489736557
0.0 0.9778585320711135 0.8639151918143034 0.044282935857772876 0.15064473733305928
0.0 0.7885352712869644 0.9739624039828778 0.1630492866039276 0.05207519203424449
0.0 0.9551129704713821 0.29019038531929253 0.08977405905723568 0.14482947193086146
0.0 0.19639066576957703 0.019709761366248132 0.09638314247131347 0.039419522732496264
0.0 0.6361492139101028 0.43636297818273306 0.07124081254005432 0.07995625488460067
0.0 0.4387575668096542 0.458059329688549 0.06088287234306333 0.061187766194343574
0.0 0.6068529736995697 0.6136666925996542 0.158293890953064 0.13072719797492027
0.0 0.43687031090259554 0.6728352157026529 0.07423061728477481 0.07467986419796935
