0.0 0.5890584560055538 0.8833368601579312 0.09553728709044462 0.12786305858398184
0.0 0.6993586883010723 0.9230315243171854 0.0656376413689086 0.07101652988370522
0.0 0.43992907861290564 0.3168661492766448 0.13449725494896975 0.15320625719168385
0.0 0.13149636883798593 0.7313210114807753 0.07025258759926802 0.08150863734797553
0.0 0.8036084677214097 0.6437678001418011 0.04027737863160252 0.06100182260850384
0.0 0.18584435032395413 0.07530042255257699 0.05742998421737522 0.07125834700158815
0.0 0.053995672656722365 0.9368101275380463 0.03984486661199788 0.047668184354745846
0.0 0.2582656153829954 0.9866853254073952 0.04578913767510448 0.02662934918520965
0.0 0.7297891172706019 0.8114262399345877 0.03794095973678424 0.04367865964144124
0.0 0.40440320691072273 0.9914275470845202 0.043561052781715015 0.017144905830959734
0.0 0.2449194018066192 0.2542211410560027 0.028454635240733522 0.036113156060600365
0.0 0.05603040382666175 0.8471696059792966 0.08067824148230616 0.05978587799340418
0.0 0.1899905100091845 0.6386022788943911 0.038570940010202115 0.03154738228130327
0.0 0.35412316494253304 0.7186330713922158 0.03745396107946142 0.05863934699422335
0.0 0.06583207115958527 0.03533010988064792 0.04120347234314051 0.05112718601878731
0.0 0.6104495349785963 0.46825524479307323 0.030855490713153966 0.03783474516731117
0.0 0.924270316261051 0.17795307151928016 0.1514593674778979 0.20154249983336564
0.0 0.6026150820315792 0.4018626972959205 0.04686718568600645 0.0391900768625269
0.0 0.7433085735307948 0.47112828929874895 0.08048258493594629 0.061381689331785616
0.0 0.29667477641754103 0.6900835088298665 0.043083312459176626 0.037771880018560466
0.0 0.5277152334265023 0.6669229674974063 0.04032688730432421 0.048014857135781464
0.0 0.29204591125599866 0.37709415389924017 0.04474046254999969 0.03328432737383774
0.0 0.3202665895730006 0.4759753579311692 0.0357227376268503 0.042654231583981184
0.0 0.7527480307008133 0.23964420130073893 0.06449570742993749 0.04065693974683479
0.0 0.5493920255496918 0.19880787510738798 0.03459070289625865 0.05712081488608661
0.0 0.5214476310384377 0.25146158408157204 0.02295060191003262 0.027443169028388475
0.0 0.8894628962588331 0.43083475316498654 0.042082383892454 0.03266293332709097
0.0 0.6341503429392228 0.19872042425110734 0.032662095044503014 0.037357878798761235
0.0 0.784729253637537 0.15683288203517312 0.07265509069488141 0.07288404406619887
0.0 0.9371846641074956 0.9226580384174028 0.03177837953502305 0.030794605258508745
0.0 0.908282234195713 0.6614219560631787 0.0295096182208765 0.03278869424790243
0.0 0.6066773686584054 0.6965874209867924 0.05574279329126486 0.06208179336109876
0.0 0.9877770144366929 0.2871936949469457 0.024445971126614174 0.06684764361000317
0.0 0.840392328718315 0.22009352726514236 0.03053356067403612 0.03534862806316896
0.0 0.6212251595778164 0.5579164445053592 0.05236472892401978 0.055641973489640506
0.0 0.14574747393123633 0.5947217727936126 0.024271801303177437 0.024862229106278555
0.0 0.005630505858836616 0.37161737089215724 0.011261011717673231 0.036498518239602706
0.0 0.6830182322700757 0.1442596815508904 0.02323277118484801 0.06248293049826331
0.0 0.13296301514320938 0.06831205933962817 0.016844607048085533 0.02329649646173424
0.0 0.14028229771169737 0.83722489299067 0.02126596858383531 0.04187294321617274
0.0 0.3080728744690369 0.20009320878578452 0.032684663980765194 0.03389240729233442
0.0 0.021180982615658237 0.08185101297531847 0.037178618793978456 0.032692115027304555
0.0 0.4507001887794929 0.5917633968780724 0.04421945367094887 0.07845109841327658
0.0 0.008048136014215551 0.7550258218997745 0.016096272028431103 0.041213154490883586
0.0 0.887181454881482 0.540769360657208 0.11745994404543103 0.11332221111740776
0.0 0.5109195434310126 0.6004701375496467 0.02335023617884291 0.03864907223280478
0.0 0.40624213358796857 0.8831870474431025 0.01706090791328868 0.020431726207851053
0.0 0.5661399770693244 0.16169934554411974 0.04383961119840518 0.029347532275282834
0.0 0.5892983558578266 0.33599133276099746 0.0714453160358054 0.04905083127254506
0.0 0.3241600594836047 0.17832998638266295 0.032471063562476754 0.029982023542228148
0.0 0.7129379015372834 0.6341342272057116 0.049707541627198704 0.11651976441763079
0.0 0.9453566977236694 0.5653125402634012 0.0693388032310821 0.10792006819431899
0.0 0.9416779215715539 0.45599136045256805 0.040828452519855674 0.09268633670547904
0.0 0.8722171548959671 0.6480936416205005 0.026601166531163845 0.049771759474485866
0.0 0.013192146384612953 0.19764133446737242 0.026384292769225905 0.0669517900865457
0.0 0.06382477030039431 0.09061109279708346 0.06982921767997774 0.07864895524161936
0.0 0.06843194349676776 0.17571710642001392 0.046827208338250347 0.04015364454140244
0.0 0.07523038619958677 0.21409056239023255 0.03838245183007044 0.03700889290072354
