0.0 0.6738480024993623 0.27013555331988215 0.2490676554800686 0.13394510346957172
0.0 0.5380567050404818 0.8740563280110188 0.47199046444829706 0.23947607729590636
0.0 0.360381715316044 0.5231134150619839 0.1251945677852302 0.06626178497745266
0.0 0.16401837270349096 0.7042902744271229 0.1441290042890637 0.09379972266800984
0.0 0.4619987178585734 0.08573774531377422 0.36488007573006437 0.17147549062754844
0.0 0.8725956411262155 0.961656780630632 0.08659040265912465 0.045718698545990755
0.0 0.1612043995604948 0.2000002849668595 0.09578441711248503 0.048664213056661104
0.0 0.9805579241158318 0.9534241284368954 0.03888415176833648 0.07742769080350276
0.0 0.5203932434886626 0.04764827442644526 0.17233277833179778 0.09138822611776734
0.0 0.06836671629213566 0.1045306895489527 0.1367334325842713 0.05763701609947104
0.0 0.5837521220911602 0.5779688426010314 0.11481562623343411 0.0708502074061047
0.0 0.5866411837061773 0.18417763088794198 0.09496065565135836 0.04828044292619013
0.0 0.664930137059011 0.5888784094420092 0.1115139853788768 0.07315903293150616
0.0 0.23127326364674544 0.1684902595689042 0.11682631501162266 0.07185597179916292
0.0 0.06434034077803573 0.22686104735043622 0.10730547133596507 0.07386434710912382
0.0 0.21124975095727072 0.23011606898665538 0.061244959167855106 0.029687129724664446
