0.0 0.0798330008983612 0.7858120203018188 0.14775699377059937 0.06122398376464844
0.0 0.2484930008649826 0.4692479968070984 0.08443900942802429 0.0620579719543457
0.0 0.7496880292892456 0.6900050044059753 0.1169290542602539 0.061532020568847656
0.0 0.3532879948616028 0.38352900743484497 0.04950296878814697 0.03407299518585205
0.0 0.13191400840878487 0.6768860220909119 0.08935000747442245 0.06913399696350098
0.0 0.2349269986152649 0.6625339984893799 0.04587900638580322 0.04051101207733154
0.0 0.03803299926221371 0.3926590085029602 0.072929996997118 0.042115986347198486
0.0 0.44305500388145447 0.9543039798736572 0.1947299838066101 0.059748053550720215
0.0 0.957709014415741 0.0788939967751503 0.08302998542785645 0.03758099675178528
0.0 0.06238800100982189 0.10151199996471405 0.11861500516533852 0.033052995800971985
0.0 0.934689998626709 0.24343300610780716 0.10178101062774658 0.050737008452415466
0.0 0.6159070134162903 0.5988940000534058 0.03597104549407959 0.03586304187774658
