0.0 0.9086072141404556 0.3893773442594404 0.1827855717190887 0.11915614942484387
0.0 0.18884438456728275 0.8105878203682404 0.3776887691345655 0.2091527785051569
0.0 0.4211635481694356 0.4821675215854947 0.10974589979302224 0.05865740989101825
0.0 0.08022279892568372 0.5577939185739208 0.11894680979942804 0.08784935652502424
0.0 0.9090757544387036 0.17276079021058086 0.18184849112259271 0.162168715952492
0.0 0.31770144442712195 0.9834765130853727 0.07595227565723639 0.03304697382925481
0.0 0.6276539585428003 0.1681872589162009 0.08482282921583806 0.04252099140751206
0.0 0.2605456997096908 0.027554603477422994 0.06487416959220282 0.036131055463032455
0.0 0.990351162119645 0.16786248472438503 0.019297675760710065 0.08094908209169466
0.0 0.4019310007910478 0.06610281718349836 0.043650998257543205 0.026146702722032913
0.0 0.6593399759547678 0.062335817433708265 0.1395782310578173 0.04518882958179118
0.0 0.5246571237639039 0.5972714841071369 0.0963902797356726 0.06549016184490597
0.0 0.9558542940258943 0.2946927583097438 0.08407866456794733 0.04219561685679496
0.0 0.5812976961357494 0.9913269505175755 0.07304603767905016 0.017346098964849066
0.0 0.5721042656427842 0.6321458856712361 0.09178311714006693 0.06864887336350411
0.0 0.7132027476772467 0.16674429953143857 0.09817753108393024 0.06636444182973972
0.0 0.5275860324273832 0.15731094851921287 0.08685544425039193 0.07007929925677203
0.0 0.6314180546867917 0.20771526493557374 0.054839516794278564 0.02553037360177482
