0.0 0.28652858837386463 0.4034452075862997 0.06410702505797777 0.18953907983555207
0.0 0.3991508031515232 0.15463371562817677 0.07843742415761273 0.19626458234338112
0.0 0.782434756081458 0.29945598051228567 0.05854648385215333 0.16929045939252288
0.0 0.9567707731423243 0.40129277357134896 0.08645845371535144 0.23135481355761423
0.0 0.5957927923850568 0.1133303345577744 0.04367097365394834 0.1080443996238156
0.0 0.41161505472177645 0.768685296456193 0.07941593864031171 0.14315351419142475
0.0 0.8818416986695259 0.37723889478525163 0.024141273489408976 0.060123974463854146
0.0 0.1085939983768344 0.05820260016073332 0.02987307335319621 0.08267841046609639
0.0 0.5417707258622044 0.7352344045889849 0.06718357511610862 0.20469462595482124
0.0 0.5605280720517042 0.4228652665981044 0.036350545265902756 0.10023756711367932
0.0 0.22410749989337747 0.19109075807611506 0.0341436163284487 0.09998805168882513
