0.0 0.46196404099464417 0.2224690020084381 0.09966200590133667 0.08602899312973022
0.0 0.23081600666046143 0.5437660217285156 0.09174299240112305 0.0760500431060791
0.0 0.35539501905441284 0.6110990047454834 0.06668102741241455 0.04298698902130127
0.0 0.5310829877853394 0.5200300365686417 0.09693896770477295 0.09281203150749207
0.0 0.05745100975036621 0.6910489797592163 0.06615900993347168 0.04084503650665283
0.0 0.9463149905204773 0.2744399905204773 0.05843997001647949 0.06269699335098267
0.0 0.04659801721572876 0.5795350074768066 0.07454001903533936 0.06714904308319092
0.0 0.5792399942874908 0.1181429997086525 0.1258600354194641 0.0733800083398819
0.0 0.03220301866531372 0.14339199662208557 0.06440603733062744 0.10763600468635559
0.0 0.8649909794330597 0.9289730191230774 0.125963032245636 0.05656397342681885
0.0 0.9198269844055176 0.1333400011062622 0.0690850019454956 0.07108199596405029
0.0 0.824118971824646 0.3973099887371063 0.06528401374816895 0.0686730146408081
0.0 0.9472709894180298 0.5019019842147827 0.1015700101852417 0.04269301891326904
0.0 0.5991860032081604 0.8443560004234314 0.2784329652786255 0.09454798698425293
0.0 0.24013102054595947 0.8593980073928833 0.04476594924926758 0.04209494590759277
0.0 0.5735459923744202 0.6133760213851929 0.15032696723937988 0.05525803565979004
0.0 0.7811159789562225 0.4290759861469269 0.09214705228805542 0.14726299047470093
0.0 0.17614901065826416 0.7604169845581055 0.07879304885864258 0.12560606002807617
0.0 0.06997901201248169 0.7355120182037354 0.04807698726654053 0.03464996814727783
