0.0 0.2544459202885628 0.959967155456543 0.06544766753911971 0.07827682495117183
0.0 0.5535603827238083 0.05518800735473633 0.11923207104206085 0.0918384552001953
0.0 0.17677411824464798 0.4104007911682129 0.08264283657073973 0.10400962829589844
0.0 0.6687699015438557 0.5001480293273926 0.05537404686212544 0.07748165130615237
0.0 0.8396811214089394 0.6371239852905273 0.04403255760669711 0.04779510498046868
0.0 0.25716771602630617 0.8316615772247314 0.04201237052679063 0.03544797897338858
0.0 0.7579794791340828 0.932444019317627 0.045519311428070086 0.04255199432373047
0.0 0.3175138385593891 0.43746797561645506 0.06336488932371137 0.0574928283691406
0.0 0.6028957936167717 0.9660343360900878 0.03788294792175284 0.04411678314208978
0.0 0.43974115878343584 0.3031864356994629 0.03940669298171995 0.04533920288085941
0.0 0.6169150137156247 0.47364398956298825 0.03415510073304173 0.03170719146728512
0.0 0.5679166273027658 0.8186104011535644 0.027777419239282564 0.06666717529296873
