0.0 0.7051824088177373 0.33612271755855183 0.46253175242559447 0.2604720275416908
0.0 0.6401723037272117 0.9473495281184021 0.19528046234770846 0.09899109348380464
0.0 0.3883030552229419 0.8494225863929856 0.2874728866487183 0.14257688889009879
0.0 0.972648079643783 0.44323162931700605 0.05470384071243406 0.06329210325004886
0.0 0.9169964821574579 0.5914859753486607 0.16600703568508413 0.09574719493522821
0.0 0.37429667354965945 0.9817695028329818 0.08513346498380908 0.03646099433403649
0.0 0.385184190987482 0.6292469164850258 0.1479468494420077 0.09966611049051155
0.0 0.9436403056365396 0.5142821322782543 0.09841236966387679 0.053252699621085364
0.0 0.1328372432588692 0.4423199049099462 0.19329524273171594 0.15919991567242836
0.0 0.7933609404107438 0.5595687046547297 0.09828386834254654 0.044229687806649154
