0.0 0.3548054963402113 0.4604296153989788 0.10927865353418009 0.16350895896899942
0.0 0.21454521557073947 0.485849965179308 0.14496469557440841 0.1571651420902831
0.0 0.505402785882582 0.07666618537133925 0.11561469910214078 0.1533323707426785
0.0 0.05025126314692836 0.3514683417564223 0.04432205974976766 0.048501955750016035
0.0 0.024599663400423553 0.6202816389403154 0.049199326800847105 0.1306956044667974
0.0 0.007310455046669465 0.32658017017996854 0.01462091009333893 0.05730407556216571
0.0 0.9217447398743045 0.30110937385233894 0.05742315595173375 0.07397925269342659
0.0 0.4739626819279173 0.43390903591992763 0.0402449811927047 0.049648983827219384
0.0 0.11872121942543704 0.6503481299392194 0.03373807272856201 0.040402750815121236
0.0 0.8970814698681666 0.7282737319382209 0.033749190301321286 0.03388555530043302
