0.0 0.9048034685099426 0.3666181817045364 0.1903930629801146 0.1484862173443619
0.0 0.4234795503217299 0.33802681511432275 0.22757893865102213 0.09710422296262339
0.0 0.08625364446961796 0.7684373724491995 0.17250728893923592 0.08904221023731451
0.0 0.7848913210034418 0.8014362498835951 0.24698424970183896 0.14899789868521718
0.0 0.6477447578113376 0.2560966516946863 0.22844881828348507 0.0626423274256554
0.0 0.14769736992009722 0.2145759909849112 0.10115730800515897 0.05282274689768843
0.0 0.18633770877581382 0.37382565996109474 0.24094410100558977 0.09046435993345259
0.0 0.12084628268014272 0.29343587868093013 0.08895400788539508 0.048727271827564866
0.0 0.702137196714268 0.13867180222267964 0.17349712529838102 0.07521150208855885
0.0 0.5013632593996686 0.13762872375982882 0.08480113192483973 0.061748758197699705
0.0 0.24524364442515284 0.020361388031974983 0.1269317753199202 0.040722776063949966
0.0 0.3224155125963706 0.6284280942241041 0.23107947759409506 0.0629941867412046
0.0 0.60659094353154 0.3654870756482902 0.10062442664601512 0.09072199181451157
0.0 0.941889014114357 0.17678726150317675 0.11622197177128601 0.05268868474975694
0.0 0.3282228845872103 0.8378664553831565 0.15862595552439845 0.1453886543196845
0.0 0.08981592058160398 0.901756964276275 0.14703370403369903 0.09679387821108898
