0.0 0.3686852439600621 0.1895675576445307 0.03395239541974948 0.04730528126541947
0.0 0.4469934610524196 0.4949878557888166 0.03814150269841021 0.05658940440191251
0.0 0.9145364769095451 0.7891164169745839 0.03811897164803146 0.08190453419093602
0.0 0.8500112971742884 0.9442412687061063 0.035730421462851436 0.05848369163213607
0.0 0.5100805850946879 0.18989531856651184 0.028800982224969185 0.03639334804950062
0.0 0.7773676263997357 0.9822974957644315 0.05988073552750173 0.035405008471137145
0.0 0.4670098176548768 0.41721462961965233 0.025543318239079238 0.047494185539120326
0.0 0.6327090424591071 0.5879713771232635 0.021411745295085938 0.02781612147896051
0.0 0.7011190501118494 0.4435739269064041 0.024109962917477135 0.036714476084884984
0.0 0.40827571178057287 0.5374092323660744 0.021021291236631157 0.03985908520699433
0.0 0.44503205187009887 0.816029563719641 0.026241969161514833 0.03449726722390323
0.0 0.6534361173439163 0.1752646564538592 0.013374197225800688 0.02214578890505886
0.0 0.658242607682272 0.26165519293265743 0.016473238118338895 0.02643606411647237
0.0 0.5641033705641597 0.09740769519741185 0.014308001973907025 0.023045687236225743
0.0 0.4312829914086228 0.3162938799845103 0.0177168380232382 0.02880120623220267
0.0 0.9698109183346093 0.9401999805542582 0.018088142016455366 0.030375353377389835
0.0 0.6640264637101971 0.7780509926744917 0.0210723019456871 0.03196938220741963
0.0 0.6087829485379872 0.2695440319809287 0.02180799826288271 0.03376326252120515
0.0 0.16178033250304993 0.5983730087701616 0.019426280059885226 0.026778413620525132
0.0 0.36094188695698337 0.6912556828851424 0.01785949756281474 0.029232828487634088
0.0 0.7630545254230399 0.5896506940995618 0.036384285202645694 0.06457449098883783
0.0 0.5976916577147395 0.5232346255143695 0.05068087302751212 0.07793601253840238
0.0 0.4951512191117431 0.22283786661600236 0.013838700828273265 0.02599735128337574
