0.0 0.6314477632155422 0.1484583121998836 0.06380220571459827 0.06498340809990508
0.0 0.2930099230400096 0.15881976463114783 0.08564570610107497 0.0498779932377815
0.0 0.2561572248836347 0.42877537893176587 0.11963274965039933 0.11154905685481076
0.0 0.663891262508258 0.3687047521158006 0.10071631850070772 0.06743298178995771
0.0 0.1608690186128789 0.7295388236266263 0.06276847036186625 0.04131501206889465
0.0 0.21023865646227988 0.5953603611732059 0.04067589039428321 0.03698042835659754
0.0 0.6224090280825312 0.8439287597779812 0.05118906170613913 0.04410901738654094
0.0 0.7961538058436605 0.4821984988214083 0.06565915178602455 0.05295925877084473
0.0 0.41864108809220196 0.887568880517864 0.04506261847522086 0.055708884243633516
0.0 0.399907218020115 0.1419787294297022 0.05814262142682419 0.037579438120089084
0.0 0.3863595833271949 0.41455098976030763 0.03224972204123505 0.024471199492841045
0.0 0.5210224820035602 0.609480928956134 0.0898303227520203 0.0511068653190726
0.0 0.3155430380570835 0.9755072588755174 0.07007478667187578 0.04898548224896515
0.0 0.8270727013424726 0.3808471122185674 0.04635837289619893 0.04721442012658977
0.0 0.3224927939553158 0.8063315001316911 0.07063504368636503 0.04305359629200156
0.0 0.5229368707728075 0.5335598058615245 0.054081592140017176 0.031865859374286654
0.0 0.22696742657080865 0.9813590547464026 0.07287614581503987 0.03728189050719488
0.0 0.7325936395512556 0.688623418023768 0.05928277004737359 0.050319058687453455
0.0 0.17895579827850158 0.7719085070575317 0.03575333475546061 0.022356675940614412
0.0 0.0945557559019409 0.3160284777481236 0.0741453886672613 0.09371212673230639
0.0 0.5258381675395729 0.988298362832448 0.05566775844438754 0.02340327433510403
0.0 0.23203125752515663 0.2567806933969279 0.02742598924096687 0.045199606215348465
0.0 0.46940550428016226 0.8291893767155545 0.03538689587629412 0.02097951864386438
0.0 0.09970541674519329 0.9153281117570894 0.02770688213505791 0.033364742928524205
0.0 0.498248317019727 0.7504980473768768 0.04553021191620277 0.04644179711086116
0.0 0.06693335348773474 0.42752664259136913 0.03249040323694689 0.054007969135074996
0.0 0.47699783110194294 0.6722957171925419 0.041361602484064175 0.039957556589506615
0.0 0.7141539608122194 0.30418982264962713 0.05993007529498062 0.05241504484748166
0.0 0.7278254871239097 0.9388926585989764 0.13020893635310649 0.12221468280204717
0.0 0.3234060977415798 0.8862456813572039 0.05379706331824813 0.051236983963918736
0.0 0.20661896976880814 0.6880794409100812 0.028281313649246687 0.019810626686438737
0.0 0.1382141449255985 0.9339277146822352 0.02684880460650796 0.015536050001097701
0.0 0.18261201371140695 0.9404478336644291 0.020485559287295202 0.015241292497506831
0.0 0.7947465320193335 0.5488067217933967 0.03613431699105463 0.02453068277572734
0.0 0.4874030087642309 0.3629173498339523 0.055702992991100764 0.04201911148972004
0.0 0.4205280066427671 0.33860889604420563 0.09612397466954442 0.045915986754955396
0.0 0.35860076707289623 0.9236911837018094 0.02891704149464397 0.019573655438109516
0.0 0.5789131951691673 0.8915262706379032 0.048111438005628226 0.056988506744657164
0.0 0.6755915936466458 0.4889940480284233 0.032233971594463284 0.04171935185819037
0.0 0.26796640950701633 0.8563321689918189 0.026518877747220615 0.018387404439834554
0.0 0.4177767092804362 0.8269467482121449 0.034173039809932027 0.02267380942226438
0.0 0.5298397864865145 0.878875515688651 0.031021202272937698 0.02665568161260834
0.0 0.5925361185320279 0.9736797878789457 0.033745524782423764 0.0321603872873939
0.0 0.8240229142103975 0.7311668731495129 0.0424947134559297 0.06225911382446925
0.0 0.24630943148166384 0.6597177280294262 0.0690042339845329 0.04129547562364222
0.0 0.6614555714668614 0.7541114010927937 0.025547533833176983 0.03464282481227232
0.0 0.7792218851038439 0.8031585106296557 0.05661802334371269 0.02330636491102167
0.0 0.5546024932850072 0.4718271043246721 0.06072074656086435 0.04174015961244454
0.0 0.6385159143497592 0.45858133953025 0.04222700327848106 0.016794695348674837
0.0 0.28775514409427655 0.5772801499261093 0.04691062439625715 0.06848958832321628
0.0 0.4044184311641894 0.9534786207965591 0.026720560724318443 0.023141913293939553
0.0 0.42482862328571674 0.9862960651136707 0.02982728845589855 0.02740786977265841
0.0 0.5516941198234527 0.41308196242293105 0.08743293803718966 0.02553207576777189
0.0 0.35202622380647053 0.3364194711295847 0.01702895875950794 0.009978600276889515
0.0 0.41999111726490856 0.07471208633622219 0.041515045395199734 0.03916357800366055
0.0 0.3187624402060413 0.08198481707265946 0.02669645175129115 0.04213845419823404
0.0 0.48744771616770194 0.11497590092506882 0.03756478885329584 0.06347743182809745
0.0 0.46663221000198485 0.22267523319074295 0.06805337845501341 0.01887984541464388
0.0 0.7106375563976182 0.4616493030357956 0.03506166288030277 0.024056122911587208
0.0 0.6728010392894427 0.5310640711661782 0.017033591686310023 0.02965405581028624
0.0 0.7612703007778595 0.5761766517539828 0.02299149972971648 0.013539140557292106
0.0 0.22985329391489115 0.9094319819385237 0.022218120770279737 0.014873611368279471
