0.0 0.16044600307941437 0.15076899528503418 0.09656599164009094 0.11492800712585449
0.0 0.4918909966945648 0.37061598896980286 0.12394899129867554 0.14168399572372437
0.0 0.3078249990940094 0.2688080072402954 0.06477397680282593 0.05537700653076172
0.0 0.45026499032974243 0.22075900435447693 0.06166797876358032 0.042329996824264526
0.0 0.868215024471283 0.06321399658918381 0.06720495223999023 0.04580199718475342
0.0 0.7551890015602112 0.43811899423599243 0.0577239990234375 0.04065901041030884
0.0 0.6378679871559143 0.46108898520469666 0.044603943824768066 0.03664296865463257
0.0 0.8623279929161072 0.316118985414505 0.035887956619262695 0.03352397680282593
0.0 0.7990419864654541 0.34225699305534363 0.043100953102111816 0.04166299104690552
0.0 0.718280017375946 0.8954669833183289 0.03658699989318848 0.029896974563598633
0.0 0.4917449951171875 0.7147020101547241 0.07581102848052979 0.09990203380584717
0.0 0.7749390006065369 0.7538490295410156 0.021989941596984863 0.020689010620117188
0.0 0.850832998752594 0.5412260144948959 0.045678019523620605 0.09567096829414368
0.0 0.7605199813842773 0.6549429893493652 0.05984604358673096 0.08110904693603516
0.0 0.13080300390720367 0.6242409944534302 0.08784499764442444 0.11172294616699219
0.0 0.7843660116195679 0.9763529896736145 0.03777897357940674 0.03477597236633301
0.0 0.6911309957504272 0.7992979884147644 0.05528104305267334 0.04930996894836426
0.0 0.42531201243400574 0.4827989786863327 0.05057603120803833 0.11352697014808655
0.0 0.09009600058197975 0.4283289909362793 0.10232900828123093 0.10091298818588257
0.0 0.0759819969534874 0.6651300191879272 0.07410000264644623 0.09976601600646973
0.0 0.7816979885101318 0.05277299880981445 0.09056699275970459 0.07683099806308746
0.0 0.3035759925842285 0.1800609976053238 0.039991021156311035 0.028667986392974854
