0.0 0.4874083386909991 0.8897235165772726 0.06706103894015669 0.08238617578109408
0.0 0.22546076521686745 0.9573110418735671 0.0773845643323427 0.08537791625286584
0.0 0.5320583340228091 0.13073160379427542 0.046895616340569046 0.057341400241949794
0.0 0.4232254959515677 0.18130707852411204 0.10927259590522864 0.1577717599652897
0.0 0.4395765617500377 0.5160747469950473 0.09413372489032873 0.117166801376823
0.0 0.73188969772044 0.2965768973254479 0.03996936631990056 0.05117073075772449
0.0 0.552808947572812 0.9487443801151972 0.0445313833408586 0.06645666235009928
0.0 0.686103150369654 0.5550708334317949 0.08070105868146571 0.11155618245289078
0.0 0.3137140597522904 0.1837792486547584 0.06393279512252731 0.09323096754136229
0.0 0.6796242728154649 0.7069809309198203 0.041603478798021065 0.06080770194939866
0.0 0.36613313931653546 0.5705208880096176 0.07765644265584831 0.0939742714389935
0.0 0.7055311994963465 0.21381362277732072 0.04432233174596778 0.05239356108727111
0.0 0.33045187357488015 0.9304344755519851 0.04567313161527975 0.058610232794593764
0.0 0.41424439249412404 0.8714222225230646 0.04555688664292801 0.07216291673123887
0.0 0.4338030463501008 0.37241289277547757 0.03783024361860149 0.048398923239939995
0.0 0.9007126114745594 0.5306318875165457 0.06425290607960688 0.08993430500029015
0.0 0.403873078093679 0.6794618248351028 0.059936338647832155 0.06684883420574939
0.0 0.8997563899914132 0.8341760820559077 0.03069233989412823 0.035049229689354866
0.0 0.5269164113326598 0.34787709162742453 0.05602709560329949 0.05352379194474133
0.0 0.21145393511523888 0.11665103455453538 0.03796157432758429 0.04354436831336707
0.0 0.476172002108428 0.9944681835573431 0.060081468105268654 0.011063632885313757
0.0 0.6658572691565594 0.0713039794779308 0.05189134598542133 0.0545598186012977
0.0 0.9341619480270714 0.3428556299664346 0.03750919260875607 0.051514634284830996
0.0 0.621176552753853 0.6570797521833098 0.06311286065478705 0.09593102918212826
0.0 0.6316653393559112 0.35426677761149605 0.03746777666271206 0.04900098997965924
0.0 0.4653957681780321 0.07809023779031404 0.04392631041466688 0.06702831929820625
0.0 0.9482002755487776 0.7484808806800574 0.02525232547512757 0.029657034440187635
0.0 0.7201328173660715 0.804618940215896 0.041646704909049315 0.06937982796496778
0.0 0.3473974568469544 0.5036036139221921 0.07426729107829566 0.06802936227289491
0.0 0.2975187938347782 0.7782715683524345 0.04372807973334725 0.05905219257041505
0.0 0.459764174267534 0.7883146676776637 0.05649349115738661 0.07390041558873706
0.0 0.3203398093844576 0.3553671009016986 0.06700854487759533 0.11415309876313462
0.0 0.8087609181074514 0.58155828310189 0.04374843123431882 0.10660354525242177
0.0 0.3960455906781754 0.07090219779865775 0.037376314368883334 0.07248361784888056
0.0 0.7297691722131064 0.5905081991592691 0.03168550621933597 0.05354027000574679
0.0 0.9047256805564822 0.2110122337734599 0.09991200399217948 0.09706677051534676
0.0 0.7499241307167479 0.5011459099173277 0.03955689148014652 0.0571088576399143
0.0 0.7276005701022248 0.14934991260827402 0.02641868076313303 0.039773920028926185
0.0 0.9208667426681253 0.044654498259111046 0.049108229066395115 0.07088427102317414
0.0 0.809293652462973 0.3536815991502364 0.025530300116999305 0.030875733490689727
0.0 0.5919041136668255 0.01072047590056026 0.0512761382644088 0.02144095180112052
0.0 0.34016165713707347 0.26843428748810194 0.028398124229399024 0.033901819477066664
0.0 0.33782588605370933 0.7787207281097486 0.03771134979869001 0.03157901640530281
0.0 0.794954313807734 0.2879715758553927 0.02671541597316962 0.037335663776416894
0.0 0.8150219450640253 0.04255034887189251 0.07446576048040054 0.08510069774378502
0.0 0.8162238777465476 0.4329423969199746 0.10706901674088354 0.10481759951500902
0.0 0.39477400340756785 0.8082420059643051 0.023231128208240803 0.035336838129108816
0.0 0.7111773915854702 0.048897298222778954 0.04847169909326965 0.09779459644555791
0.0 0.7390822949510795 0.4411250306526646 0.047265557346194864 0.04913124159589677
0.0 0.624433050403603 0.4697980327864181 0.03950990992622838 0.03821408713330693
0.0 0.0920852774055935 0.5147603061561379 0.02595524405234942 0.035949724708340736
0.0 0.3047407516586944 0.8688251601995454 0.031015128635233147 0.04868252934483286
0.0 0.2224393224307725 0.5355508562310937 0.021831959551906033 0.025826626362512428
0.0 0.15267629908392727 0.5302211297819914 0.02420514396256132 0.020289248899574175
0.0 0.19111921486188266 0.629126567873479 0.07022689509908206 0.06189181613889039
0.0 0.6189735380455696 0.4206855041021986 0.03201317569844753 0.04050726124785753
0.0 0.807707223367377 0.8564894072756188 0.028750470681651263 0.05255886005919386
0.0 0.8221084584727338 0.49651309876135585 0.03361998143001543 0.04433741373552286
0.0 0.8151955409212819 0.21977721797934813 0.06633380735954741 0.055168538644171844
0.0 0.7960083063555229 0.6590039451418412 0.02558760074896238 0.02518437744250035
0.0 0.25422969462136824 0.34916385416254914 0.02609512383862611 0.04110847345143154
0.0 0.24450501987255005 0.3782708407620968 0.01581964231022187 0.03260114792685653
0.0 0.3589788696976747 0.733659497930648 0.03352685416676926 0.050512009440861316
0.0 0.8180521223610078 0.2807035984525919 0.01725286679638105 0.026502679589174405
