0.0 0.6491944666913922 0.450772969762691 0.1599113889770254 0.10367488333224073
0.0 0.7309568211928317 0.33100524646727447 0.15122026565751479 0.13875139032200362
0.0 0.8505556540747783 0.7455735029083828 0.15736651837333326 0.10992277755531332
0.0 0.9583953387409192 0.2663983462249139 0.0466931723391838 0.04241319332060198
0.0 0.7769619675054094 0.106318405811991 0.12754632780636455 0.08717190068581154
0.0 0.9968495104884159 0.23229533616364287 0.006300979023168174 0.044924509997291195
0.0 0.36407988962577975 0.9609611527788897 0.07185446779494853 0.05472245420757271
0.0 0.5836839150230041 0.5547914052921202 0.04811666425732053 0.03839712685984953
0.0 0.6688060728888946 0.18134826693319583 0.03909425827173196 0.03221388457238786
0.0 0.03942605872797342 0.745022768060873 0.0324484594133777 0.03235791363125873
