0.0 0.5474691178163087 0.7384530213004127 0.2344331173333964 0.145971245214773
0.0 0.409925162147484 0.24232492952981977 0.23716110090258985 0.14889497884999547
0.0 0.2993726098958528 0.6598348912701848 0.25174013955303914 0.1660929461914048
0.0 0.5696926674163458 0.6393153043165176 0.1356524638402462 0.09405673251248803
0.0 0.4713436997269307 0.8083436018478187 0.06906301841082296 0.039383731797517085
0.0 0.603497804648454 0.1299615962115749 0.09035677470625436 0.04903369168164051
0.0 0.1360667988851426 0.6243579364692734 0.12326376946682739 0.09649681168153923
0.0 0.4362395333065613 0.16694897933480932 0.18635050625519806 0.10260461096919475
0.0 0.26104378603232625 0.8125450753556207 0.19888076769028512 0.13685239871702037
0.0 0.8097345117611753 0.5251773074581594 0.22243397007874877 0.1032538131922563
0.0 0.45816829065851195 0.6726745516431308 0.1428105867675083 0.08942919019076045
