0.0 0.9805473437351775 0.4927572849862495 0.03890531252964491 0.14519114948581852
0.0 0.2557727157792311 0.14080179076130042 0.03411378006432306 0.10059358080341797
0.0 0.4091991788147 0.790583350623139 0.05052332133554688 0.13042133376676868
0.0 0.5964390053049233 0.7182293190468239 0.09582998894792294 0.22817385507350885
0.0 0.2952254473121858 0.8899996203914886 0.024185874895052417 0.10938974510938049
0.0 0.38680515681753846 0.3645831569243413 0.0220935696276085 0.07161128269102979
0.0 0.7876129988546136 0.5753334255187816 0.041276361891527724 0.11495379954167073
0.0 0.6943970024041115 0.6143759362755354 0.02456241467925191 0.05780541062876132
0.0 0.25674649882334355 0.6899017337227301 0.04176860115013417 0.09479258092751475
0.0 0.8405799163661543 0.7694249452220601 0.019695974694950102 0.060339897904860273
0.0 0.29691284175933197 0.6029936378476295 0.04687549279468478 0.10227652329345316
0.0 0.48516637596774137 0.7904155954534837 0.016820702991291625 0.0654788933004451
0.0 0.5009879458556261 0.86531248653496 0.01682064611895956 0.06547888704808724
0.0 0.4234594534770447 0.9129519538186428 0.013998155109526678 0.04130709803650634
0.0 0.1687121632411862 0.5282416858669091 0.02219009414671877 0.024709655910270634
0.0 0.4332851124463809 0.28281936894204146 0.019611699775962277 0.05146848706197038
0.0 0.45346046973102727 0.3093402046583026 0.013838668057874592 0.03174536838727543
0.0 0.4178587285130416 0.9818727916391456 0.033131278588402646 0.036254416721708704
0.0 0.25700906074102275 0.5073591380914222 0.0655816878801461 0.159920114901423
0.0 0.3144025988336422 0.5265948771541579 0.03247126490008162 0.06083606640176903
