0.0 0.447733998298645 0.18904602527618408 0.07406902313232422 0.08368802070617676
0.0 0.7191179990768433 0.6098360121250153 0.06967604160308838 0.1214190125465393
0.0 0.14965498447418213 0.6516219973564148 0.04061603546142578 0.04488098621368408
0.0 0.530243992805481 0.4907800108194351 0.03773701190948486 0.03945997357368469
0.0 0.4227220416069031 0.3425220251083374 0.04318702220916748 0.06699395179748535
0.0 0.3861660063266754 0.7433260083198547 0.056909024715423584 0.05195498466491699
0.0 0.07501298189163208 0.8413030058145523 0.030300021171569824 0.042995989322662354
0.0 0.2918190062046051 0.924473000690341 0.030193984508514404 0.039146002382040024
0.0 0.045809000730514526 0.6935330033302307 0.03477698564529419 0.04457700252532959
0.0 0.4069409966468811 0.6796109974384308 0.025027990341186523 0.03605198860168457
0.0 0.35130900144577026 0.8518950045108795 0.02540600299835205 0.04194900393486023
0.0 0.8375980257987976 0.824633002281189 0.023498058319091797 0.028586000204086304
0.0 0.013800978660583496 0.38360297679901123 0.027601003646850586 0.04915595054626465
0.0 0.2351749837398529 0.8044120073318481 0.01994997262954712 0.028560012578964233
0.0 0.7683830261230469 0.869706004858017 0.022413969039916992 0.0236780047416687
0.0 0.3661850094795227 0.31919002532958984 0.035282015800476074 0.050511956214904785
