0.0 0.2853376905646445 0.3643453292522946 0.05056012264695997 0.05767141143194099
0.0 0.7944540926260988 0.8692012706570409 0.03191379411783557 0.04564694454909235
0.0 0.49522192385886865 0.44877974074793936 0.0579045709060142 0.09631608949818316
0.0 0.5216193065131081 0.3562897782125287 0.04441649163521644 0.08346410904246382
0.0 0.811589050271118 0.32666270253937024 0.04784068059401281 0.06696959869485308
0.0 0.7371041609175051 0.1264027526231894 0.046779989050294346 0.07842654797676185
0.0 0.4071651766854337 0.4643532545731866 0.02436428377787958 0.03932802453977646
0.0 0.2933503233203463 0.48325792602633444 0.08558255977502532 0.10338916272963411
0.0 0.7299553845480108 0.25127971787387937 0.03207515005552297 0.05290796989087404
0.0 0.40130991658569626 0.5769461647033569 0.026307566173385755 0.06244082770034254
0.0 0.07731196101911725 0.9250341932647641 0.024392343268891933 0.05444177536603656
0.0 0.33762707548743365 0.8042306307351301 0.026701343286949453 0.04501647133241382
0.0 0.1866346941740912 0.2878041353870082 0.04652783723108761 0.12659264807273404
0.0 0.07768890851242455 0.4187426018491152 0.0357120210481852 0.037066388311862486
0.0 0.7197023447535811 0.4346737317732473 0.04284955722636663 0.07233152166348983
0.0 0.5449531434383461 0.731611538182179 0.061093692992396975 0.08547865328175763
0.0 0.5905209825250831 0.3815286864224908 0.03055841627632505 0.059324744863094914
0.0 0.2375182675889288 0.561762259528389 0.034698001820608365 0.042804660892732826
0.0 0.4173135898178537 0.6994272854435286 0.02582252596462581 0.03744332532023298
0.0 0.25034860505480516 0.7889976911484562 0.028709733612873434 0.05368989517782874
0.0 0.865496863421283 0.5460545307332888 0.07717532140268346 0.08557121745157459
0.0 0.6326023946974878 0.6848375988605104 0.032820461330169026 0.03987647454276
0.0 0.2714646547674254 0.6209850450620307 0.02932880695455453 0.05021709047452161
0.0 0.7639604903459735 0.5002764463785798 0.034157575660965556 0.04499402449502987
0.0 0.7053672667209793 0.360710797445984 0.037349011243123176 0.044008957722892816
0.0 0.697699183414419 0.7219183566563336 0.03678147579863489 0.0391710984306185
0.0 0.48236139892776175 0.9023032442083099 0.05214373406221878 0.11272069034836552
0.0 0.13117942206216182 0.6486015495530868 0.021131069476298142 0.0435754958989466
0.0 0.3927796640813379 0.8250938485209995 0.022624897321906978 0.03798042152826353
0.0 0.38721555582298145 0.33931238101316535 0.056919594231355286 0.05577617199302365
0.0 0.8076951411106121 0.17300405124725518 0.02918874802315974 0.05791049862123976
0.0 0.47876553508695974 0.34344753701944364 0.03098020537583318 0.07920789855028515
0.0 0.23349289544250942 0.25733504032385646 0.020321940753251166 0.04032731383490015
0.0 0.3007538928400366 0.8427261634627983 0.021702477454420166 0.025142423808200864
0.0 0.13585129787772085 0.7759962488460319 0.05063818125403757 0.03702906020643293
0.0 0.11635379623647962 0.38547776871584216 0.03268538926885013 0.03528780964479117
0.0 0.7323022514887773 0.915693293124183 0.01741033720794838 0.033066378015291886
0.0 0.5687700431110836 0.857237472827674 0.05832234038298312 0.03715395934977783
0.0 0.18658973043587354 0.719246089779271 0.03963012007012523 0.05023769872528261
0.0 0.8049097830803174 0.4057121492116593 0.04788897835615713 0.06026043374812279
0.0 0.517387662450669 0.8091475146328244 0.030125670290888307 0.03627787805957805
0.0 0.8117956783371112 0.6310551170513354 0.02883663829059724 0.02940187964179153
0.0 0.224882674394474 0.48214040576178674 0.035836659096508905 0.029295053219526468
0.0 0.8742919556652685 0.8269378477697232 0.03149167618858839 0.14271667028757085
0.0 0.3388376832625205 0.38361540005237216 0.01590887722525075 0.024761050800044704
0.0 0.1254769290402079 0.4717977468822693 0.02738636243655626 0.041414587349203946
0.0 0.9594580523674578 0.8872984776205654 0.028508264311166376 0.03854959140874992
0.0 0.6663555475362357 0.351346294896812 0.01584608290498235 0.024437216267034878
0.0 0.42930659759463113 0.8914635499265601 0.017937762370806687 0.02667167970952322
0.0 0.47823557016334056 0.8080778961595814 0.02508085678664629 0.05387999264321175
0.0 0.37620820626714935 0.2661633963740323 0.022083268063144867 0.03045007113657866
0.0 0.6412335081568488 0.2899316489831151 0.0155042448192374 0.039253359700751556
0.0 0.6616466478396206 0.4302860477207052 0.038090889299248976 0.05303250695176237
0.0 0.48750758408015626 0.6735403198947694 0.024386500464494587 0.03946731439783002
0.0 0.6364557889118372 0.24057414279469885 0.036381237386573395 0.03727428409837208
0.0 0.6895386535422084 0.23606005167149857 0.022199240856087377 0.02866049985867289
0.0 0.4865369052700653 0.20468746763557089 0.015959317274464424 0.031819480894203916
0.0 0.8146331931114683 0.588730083156458 0.023743650992927967 0.02621577375662798
0.0 0.7830530731446461 0.5846597144740517 0.024551805074075617 0.05767029526879197
0.0 0.38798527154580537 0.9003860865816196 0.03232863597106228 0.0512400811799425
0.0 0.3545452194705365 0.9285463481389042 0.026761591089643932 0.07095860722364711
0.0 0.22687200168383165 0.972651306125524 0.10657995362302952 0.05469738774895194
0.0 0.5163197036833453 0.6369928232122102 0.02078999432090345 0.045998223642507274
0.0 0.47255246743928736 0.11765336154239231 0.008933890117399368 0.024621616031557866
0.0 0.5996235131517244 0.6302817430106695 0.037907503230296014 0.04229740141361782
