0.0 0.2117253101681068 0.32664571073246895 0.12314630036803897 0.27331625431310635
0.0 0.9565042950399889 0.48204258056542726 0.06878973343628825 0.19711778787997797
0.0 0.8186309868718873 0.1863848367770262 0.08508072597736116 0.19482396627251714
0.0 0.40672003955863034 0.2763902258676478 0.06252365323409365 0.1917197863280865
0.0 0.03785298614909815 0.41075314177870353 0.044918326100812186 0.10949591486708143
0.0 0.6024716739627487 0.11339635634376682 0.049475608327933074 0.1217017049732112
0.0 0.31046031738102653 0.3309962594988374 0.027541593546855758 0.07244532884022753
0.0 0.6395728566224597 0.43368629265873837 0.0398619873848749 0.11130725718655204
0.0 0.6690827680037752 0.7662561017585878 0.04980117221678926 0.17815103419287737
0.0 0.780838462966656 0.7634867875393128 0.04228300558836262 0.08219220178873876
0.0 0.08938934195736176 0.9000258544473367 0.022886628154220476 0.048511447497046056
0.0 0.11986190723284085 0.3624867967993586 0.02863504479207886 0.08408606862618678
0.0 0.11576023380409732 0.2801084883890893 0.018964728054536723 0.0611687014408433
0.0 0.4311475470526048 0.04288378315673524 0.022198126995507383 0.05651025003773253
