0.0 0.41904401779174805 0.9490399956703186 0.07683002948760986 0.08258199691772461
0.0 0.17472302913665771 0.44062700867652893 0.06567597389221191 0.0685809850692749
0.0 0.7913079857826233 0.25337401777505875 0.029018044471740723 0.04173301160335541
0.0 0.5771769881248474 0.16259600222110748 0.032986998558044434 0.04140499234199524
0.0 0.4437119960784912 0.7934719920158386 0.04136395454406738 0.06638801097869873
0.0 0.4809759855270386 0.36014899611473083 0.05798196792602539 0.05070900917053223
0.0 0.3408399820327759 0.6325500011444092 0.033329010009765625 0.03808605670928955
0.0 0.7178919911384583 0.45085200667381287 0.04136693477630615 0.04671198129653931
0.0 0.8208340108394623 0.40202099084854126 0.036632001399993896 0.04554402828216553
0.0 0.9597980082035065 0.7078819870948792 0.04824703931808472 0.054064035415649414
0.0 0.22294801473617554 0.5086519569158554 0.02488398551940918 0.04500797390937805
0.0 0.09704500436782837 0.22637499868869781 0.023287057876586914 0.02697598934173584
0.0 0.2922559976577759 0.6170809864997864 0.027861952781677246 0.04360401630401611
0.0 0.4966229796409607 0.8242369890213013 0.022637009620666504 0.03899705410003662
0.0 0.4094970226287842 0.26708298921585083 0.022726058959960938 0.03178000450134277
0.0 0.732282966375351 0.863427996635437 0.04264801740646362 0.03235495090484619
0.0 0.9563699960708618 0.6031630039215088 0.02363002300262451 0.02665400505065918
0.0 0.7052519917488098 0.4072900116443634 0.020119071006774902 0.023329973220825195
0.0 0.4557570219039917 0.4295949935913086 0.03200399875640869 0.03698498010635376
0.0 0.6323710083961487 0.29124999046325684 0.022662997245788574 0.033942997455596924
0.0 0.28129202127456665 0.6833239793777466 0.039340972900390625 0.03786003589630127
0.0 0.026821017265319824 0.2718319892883301 0.019436001777648926 0.025825977325439453
0.0 0.3833240270614624 0.2317260056734085 0.022845983505249023 0.03584200143814087
0.0 0.42371201515197754 0.09650299698114395 0.015501976013183594 0.03041200339794159
0.0 0.7712910175323486 0.9149019718170166 0.03508400917053223 0.05104804039001465
