0.0 0.6060090065002441 0.2764729857444763 0.16720294952392578 0.049851059913635254
0.0 0.2753100097179413 0.3599269986152649 0.16263902187347412 0.06567394733428955
0.0 0.1371149979531765 0.7540920004248619 0.14821899682283401 0.046026989817619324
0.0 0.1016400046646595 0.948651997372508 0.1770310029387474 0.09707900509238243
0.0 0.08931100182235241 0.5493099987506866 0.0891059972345829 0.03672599792480469
0.0 0.8774960041046143 0.44043201208114624 0.09929394721984863 0.07378697395324707
0.0 0.14132000505924225 0.8607890009880066 0.0497249960899353 0.020249992609024048
0.0 0.3933680057525635 0.06260502338409424 0.07127296924591064 0.023970961570739746
0.0 0.7482990026473999 0.5651040077209473 0.18235695362091064 0.05144798755645752
0.0 0.4234749972820282 0.548907995223999 0.08629399538040161 0.029217004776000977
0.0 0.44057101011276245 0.19131100177764893 0.08792197704315186 0.02667701244354248
