0.0 0.3269929885864258 0.07828400284051895 0.06476700305938721 0.0839100033044815
0.0 0.8123379945755005 0.11641599610447884 0.042688995599746704 0.0482959970831871
0.0 0.401868999004364 0.45614999532699585 0.10864901542663574 0.106315016746521
0.0 0.3976439833641052 0.6872649788856506 0.08384096622467041 0.11870205402374268
0.0 0.8211279958486557 0.8048580288887024 0.05851399898529053 0.08441603183746338
0.0 0.09114301204681396 0.04647399764508009 0.06399202346801758 0.06236099638044834
0.0 0.2642980217933655 0.7623580098152161 0.03310799598693848 0.04046797752380371
0.0 0.12735199928283691 0.4361799955368042 0.04733896255493164 0.08210098743438721
0.0 0.2934839725494385 0.6273279786109924 0.0760120153427124 0.06136894226074219
0.0 0.5762610137462616 0.21354499459266663 0.04815798997879028 0.08167600631713867
0.0 0.9540680004283786 0.3984450101852417 0.06013300083577633 0.07049399614334106
0.0 0.18934297561645508 0.9436950087547302 0.03714597225189209 0.06246805191040039
0.0 0.383400022983551 0.3402070105075836 0.023908019065856934 0.03232496976852417
0.0 0.9719620002433658 0.5081220418214798 0.05507299862802029 0.07121500372886658
0.0 0.6411580145359039 0.2533079981803894 0.03715699911117554 0.04005700349807739
0.0 0.7818000018596649 0.4151090085506439 0.040690988302230835 0.05410701036453247
0.0 0.4986730217933655 0.2132910043001175 0.032037973403930664 0.05903500318527222
0.0 0.5721719861030579 0.5172420144081116 0.03811299800872803 0.05966198444366455
0.0 0.8637260049581528 0.32077300548553467 0.04672399163246155 0.046292006969451904
0.0 0.7079280018806458 0.5495610237121582 0.04046499729156494 0.06272196769714355
0.0 0.1077839732170105 0.3288539946079254 0.038076043128967285 0.05674701929092407
0.0 0.8947729989886284 0.6122090220451355 0.03245799243450165 0.03148496150970459
0.0 0.8626539967954159 0.15579399466514587 0.05461900681257248 0.05046600103378296
0.0 0.614082008600235 0.8144950270652771 0.02941298484802246 0.05069601535797119
0.0 0.8097179979085922 0.9466469883918762 0.018447011709213257 0.02070796489715576
0.0 0.9660880016162992 0.21371500194072723 0.034352997317910194 0.060530006885528564
0.0 0.09149998426437378 0.9011660218238831 0.027418971061706543 0.03038203716278076
0.0 0.5164200067520142 0.9500659704208374 0.03545498847961426 0.08739697933197021
0.0 0.9636199995875359 0.8321189880371094 0.024774998426437378 0.05703997611999512
0.0 0.37488001585006714 0.8320099711418152 0.05026400089263916 0.07026398181915283
0.0 0.22864800691604614 0.4869610220193863 0.04474496841430664 0.026661008596420288
0.0 0.7679540067911148 0.9020919799804688 0.03169599175453186 0.024672985076904297
0.0 0.021170973777770996 0.8142279982566833 0.040830016136169434 0.07524704933166504
0.0 0.8607069998979568 0.418179988861084 0.057141005992889404 0.052323997020721436
0.0 0.8016989976167679 0.26964399218559265 0.020446985960006714 0.03477799892425537
0.0 0.7186670005321503 0.24022600054740906 0.04502600431442261 0.03727000951766968
0.0 0.7497569918632507 0.5328500270843506 0.02081298828125 0.030181050300598145
0.0 0.10054099559783936 0.7495409846305847 0.034219980239868164 0.08448898792266846
0.0 0.46077197790145874 0.9453420042991638 0.017863035202026367 0.03362905979156494
0.0 0.4379500150680542 0.1620739996433258 0.019307971000671387 0.028151988983154297
0.0 0.2626720070838928 0.024995998479425907 0.055181026458740234 0.04840799979865551
0.0 0.6666980087757111 0.8293539881706238 0.03956800699234009 0.030657052993774414
0.0 0.4462199807167053 0.05147200170904398 0.04526197910308838 0.041085002943873405
0.0 0.448386013507843 0.8634300231933594 0.033782958984375 0.04812502861022949
0.0 0.5921840071678162 0.7295380234718323 0.021502971649169922 0.020835041999816895
0.0 0.016349971294403076 0.5552020072937012 0.020902037620544434 0.03266704082489014
0.0 0.8483110070228577 0.21173599362373352 0.02112400531768799 0.02676299214363098
0.0 0.6561729907989502 0.017004000023007393 0.03980600833892822 0.03242899850010872
0.0 0.06600898504257202 0.9797189831733704 0.04999196529388428 0.03451704978942871
0.0 0.6654289960861206 0.5067829936742783 0.019367992877960205 0.03183797001838684
0.0 0.6715570092201233 0.8686680197715759 0.02060997486114502 0.018329977989196777
0.0 0.3200479745864868 0.28264299035072327 0.060853004455566406 0.14359700679779053
0.0 0.03908097743988037 0.3128319978713989 0.0460200309753418 0.037925004959106445
0.0 0.9946639998815954 0.3452709913253784 0.010273999534547329 0.03832900524139404
0.0 0.8012239933013916 0.3239530026912689 0.019293010234832764 0.03681302070617676
0.0 0.9095920026302338 0.043825000524520874 0.1112779974937439 0.08764900267124176
0.0 0.9661489985883236 0.7716749906539917 0.016346000134944916 0.024422049522399902
0.0 0.9120469987392426 0.5674269795417786 0.01597699522972107 0.02680504322052002
0.0 0.943310996517539 0.7554140090942383 0.02754400297999382 0.020401954650878906
0.0 0.8324940055608749 0.4670430123806 0.014732986688613892 0.021185994148254395
0.0 0.9423500001430511 0.14846199750900269 0.03074699640274048 0.02746400237083435
0.0 0.5663430094718933 0.6581140160560608 0.017935991287231445 0.023540019989013672
0.0 0.7175140082836151 0.06960099935531616 0.032028019428253174 0.028248995542526245
0.0 0.8158400058746338 0.7118639945983887 0.016014009714126587 0.047865986824035645
0.0 0.37481600046157837 0.17435699701309204 0.030747056007385254 0.12162598967552185
0.0 0.30371397733688354 0.37758898735046387 0.014091968536376953 0.022755980491638184
0.0 0.4920380264520645 0.06371600180864334 0.032027989625930786 0.018048003315925598
0.0 0.4184889793395996 0.016752999275922775 0.032258033752441406 0.03350599855184555
0.0 0.33414000272750854 0.028798000421375036 0.024981975555419922 0.026678998954594135
0.0 0.456807017326355 0.7350130081176758 0.02690303325653076 0.039234042167663574
0.0 0.035013020038604736 0.41068699955940247 0.06851398944854736 0.04343998432159424
0.0 0.07599598169326782 0.25047099590301514 0.060853004455566406 0.029033005237579346
0.0 0.12243598699569702 0.9150969982147217 0.01921701431274414 0.033740997314453125
0.0 0.3822849988937378 0.9714059829711914 0.08883297443389893 0.05533599853515625
0.0 0.8997529968619347 0.684008002281189 0.08135099709033966 0.07533001899719238
0.0 0.023469984531402588 0.7169650197029114 0.04291701316833496 0.042373061180114746
0.0 0.27584999799728394 0.9331449866294861 0.0480419397354126 0.0949469804763794
0.0 0.1848909854888916 0.2591019943356514 0.030105948448181152 0.0918080061674118
0.0 0.7143110036849976 0.8068109750747681 0.029465973377227783 0.06199002265930176
0.0 0.5429620146751404 0.7401130199432373 0.024981975555419922 0.03217196464538574
0.0 0.5067709982395172 0.6934239864349365 0.011529982089996338 0.020401954650878906
0.0 0.17111897468566895 0.4866599887609482 0.008967995643615723 0.03217199444770813
0.0 0.9075070023536682 0.35989299416542053 0.0351409912109375 0.04061096906661987
0.0 0.891925998032093 0.3923810124397278 0.01989099383354187 0.04873299598693848
0.0 0.9260720014572144 0.31522101163864136 0.025857999920845032 0.024366021156311035
0.0 0.5521210134029388 0.45532798767089844 0.05900996923446655 0.03654998540878296
