0.0 0.07513885813777971 0.7002751569264297 0.11292645957858426 0.1723902511667179
0.0 0.4225329633606004 0.39533653812365466 0.08192383732079955 0.08579637533467316
0.0 0.32550695938981006 0.7449488694761265 0.056284910929452314 0.06441605741934553
0.0 0.4839405003857517 0.1473694393972054 0.04942572408556012 0.062373433707664905
0.0 0.7236423962071321 0.39303218164999654 0.060113281001062835 0.07021890086904464
0.0 0.7574494178013358 0.14459284142950302 0.044352054805685714 0.059854416165635194
0.0 0.4898642839297519 0.86448848426146 0.06912925289624527 0.09830333448122486
0.0 0.5612018853395059 0.8717510032724031 0.03896672813847868 0.055937459837283265
0.0 0.8314788501386864 0.2996207012456034 0.05233570598402704 0.06447138360600813
0.0 0.4168075433171607 0.4784759401775411 0.03871903061141024 0.051987512070760133
0.0 0.581019019831026 0.2591339340547051 0.03278512451435267 0.04380003908562352
0.0 0.4363259629092381 0.2576911474379793 0.042674333576667556 0.06278674328334816
0.0 0.6950919150793891 0.3516325094597707 0.028053932184974983 0.037072686485801865
0.0 0.9116838082892895 0.17932619486925383 0.042536319637654585 0.07241974713440721
