0.0 0.2974770440812421 0.16239114188056344 0.12091814941446083 0.07722963147465926
0.0 0.5738030600398315 0.6662001540499312 0.1787086754836258 0.09934184299802362
0.0 0.8320362683044102 0.7486352790630206 0.13753973630208272 0.07778421227667265
0.0 0.6838776493535171 0.5278783991551155 0.12004470219352781 0.07689476200432882
0.0 0.24841378171132128 0.7222637533829678 0.07599629673966071 0.052021748851865945
0.0 0.9819008618492391 0.7875978967474305 0.03619827630152195 0.0843404014218907
0.0 0.308343332241279 0.9794968487204339 0.05976891117302763 0.04100630255913229
0.0 0.6712892520234728 0.20397779901095747 0.06440361474752254 0.04091998661811794
0.0 0.20466679067817198 0.5453453531781498 0.11074431804783985 0.060591395073457344
0.0 0.9469541769729939 0.46850636613511876 0.07598709098092316 0.05454978742290728
0.0 0.5682157021902565 0.021715260695373717 0.06008095449636963 0.03298287951204748
0.0 0.9184074613034814 0.674284589301085 0.09674579706230768 0.055216452193887156
0.0 0.7430663746412012 0.1604333331171529 0.06607361016798241 0.035266530817798486
0.0 0.5128274719517208 0.3947557220392999 0.08861029817579663 0.05041853162179766
0.0 0.8992978377831804 0.6077131057750226 0.08401567996148396 0.04568259872537461
0.0 0.6864314764207985 0.4201377550537337 0.0600207646291846 0.03656409780979253
0.0 0.12637936675034542 0.6367779130593038 0.04640199133600571 0.03286330726776687
0.0 0.25542579693466483 0.9231177619135802 0.0976555647096472 0.05801785738971654
0.0 0.7711250244405299 0.2580673139408778 0.036248097952032765 0.026224542291677838
0.0 0.9301624821955263 0.8099965947377086 0.05387257361800446 0.04085681823510401
0.0 0.7515762212734152 0.0339433038720357 0.03210349603409013 0.019462098557279497
0.0 0.37133297141125904 0.49604451422237106 0.05054322698038982 0.03925983075929751
