0.0 0.01311297389678657 0.6175053484737874 0.02622594779357314 0.12986675649881363
0.0 0.6101555201411247 0.9588655284792185 0.08924811333417892 0.08226894304156307
0.0 0.9056039287894964 0.3043798527121544 0.053221193701028846 0.05620054334402086
0.0 0.15781847231090068 0.5662143671512603 0.08418981023132802 0.07154823988676073
0.0 0.6768417093157768 0.47398911576718095 0.06692537963390355 0.09714429087936877
0.0 0.36215010948479176 0.7199160248041153 0.04925140812993045 0.0565045604109764
0.0 0.5439122005552053 0.09920235687866807 0.06045469567179673 0.07009025391191244
0.0 0.5233101207017898 0.9005583817511797 0.0567632496356964 0.043419374376535314
0.0 0.3856324353441596 0.7970057505369186 0.055365211889147725 0.048110700845718335
0.0 0.11545501492917537 0.48329361990094183 0.04928920604288578 0.03935388401150697
0.0 0.7962022870033979 0.5821801056712865 0.040592048317193985 0.038960764855146324
0.0 0.04478958204388618 0.10669985726475716 0.043262846767902374 0.07108584985136987
0.0 0.5977159532904625 0.11631926257163286 0.03013993799686432 0.03413417108356953
0.0 0.5955712768435478 0.5197647377103567 0.04779166728258133 0.05428890690207483
0.0 0.7449294700473548 0.22506001513451337 0.04319501146674154 0.039020027890801445
0.0 0.3068110373988748 0.8195869502425194 0.04957544468343256 0.06616946220397946
0.0 0.8414513777196407 0.6217005257308483 0.045503975450992495 0.03945580720901487
0.0 0.990725656747818 0.5466065576672554 0.01854868650436403 0.027225392460823006
0.0 0.005677715605124831 0.047708082590252165 0.011355431210249662 0.060294512249529364
