0.0 0.9217159748077393 0.6730070114135742 0.08390998840332031 0.06476700305938721
0.0 0.8835840225219727 0.1876620054244995 0.04829597473144531 0.042688995599746704
0.0 0.5438500046730042 0.598131000995636 0.106315016746521 0.10864901542663574
0.0 0.31273502111434937 0.6023560166358948 0.11870205402374268 0.08384096622467041
0.0 0.1951419711112976 0.1788720041513443 0.08441603183746338 0.05851399898529053
0.0 0.9535260200500488 0.908856987953186 0.06236100196838379 0.06399202346801758
0.0 0.23764199018478394 0.7357019782066345 0.04046797752380371 0.03310799598693848
0.0 0.5638200044631958 0.8726480007171631 0.08210098743438721 0.04733896255493164
0.0 0.37267202138900757 0.7065160274505615 0.06136894226074219 0.0760120153427124
0.0 0.7864550352096558 0.4237389862537384 0.08167600631713867 0.04815798997879028
0.0 0.6015549898147583 0.04593199957162142 0.07049393653869629 0.06013300083577633
0.0 0.056304991245269775 0.8106570243835449 0.06246805191040039 0.03714597225189209
0.0 0.6597929894924164 0.616599977016449 0.03232496976852417 0.023908019065856934
0.0 0.4918779730796814 0.028037999756634235 0.07121503353118896 0.05507299862802029
0.0 0.7466920018196106 0.35884198546409607 0.04005706310272217 0.03715699911117554
0.0 0.5848909914493561 0.21819999814033508 0.05410701036453247 0.040690988302230835
0.0 0.7867089807987213 0.5013269782066345 0.05903500318527222 0.032037973403930664
0.0 0.4827579855918884 0.42782801389694214 0.05966198444366455 0.03811299800872803
0.0 0.6792269945144653 0.13627399504184723 0.04629206657409668 0.04672399163246155
0.0 0.4504389762878418 0.29207199811935425 0.06272196769714355 0.04046499729156494
0.0 0.6711460053920746 0.8922160267829895 0.05674701929092407 0.038076043128967285
0.0 0.3877909779548645 0.10522700101137161 0.03148496150970459 0.03245799243450165
0.0 0.8442060053348541 0.13734600320458412 0.05046600103378296 0.05461900681257248
0.0 0.1855049729347229 0.385917991399765 0.05069601535797119 0.02941298484802246
0.0 0.05335301160812378 0.19028200209140778 0.02070796489715576 0.018447011709213257
0.0 0.786285012960434 0.03391199838370085 0.060530006885528564 0.034352997317910194
0.0 0.09883397817611694 0.9085000157356262 0.03038203716278076 0.027418971061706543
0.0 0.0499340295791626 0.48357999324798584 0.08739697933197021 0.03545498847961426
0.0 0.16788101196289062 0.03638000041246414 0.05703997611999512 0.024774998426437378
0.0 0.16799002885818481 0.6251199841499329 0.07026398181915283 0.05026400089263916
0.0 0.5130389630794525 0.7713519930839539 0.0266609787940979 0.04474496841430664
0.0 0.09790802001953125 0.2320459932088852 0.024672985076904297 0.03169599175453186
0.0 0.18577200174331665 0.978829026222229 0.07524704933166504 0.040830016136169434
0.0 0.581820011138916 0.13929300010204315 0.05232405662536621 0.057141005992889404
0.0 0.7303560376167297 0.19830100238323212 0.03477799892425537 0.020446985960006714
0.0 0.7597739994525909 0.28133299946784973 0.03727000951766968 0.04502600431442261
0.0 0.4671499729156494 0.25024300813674927 0.030181050300598145 0.02081298828125
0.0 0.2504590153694153 0.8994590044021606 0.08448898792266846 0.034219980239868164
0.0 0.05465799570083618 0.5392280220985413 0.03362905979156494 0.017863035202026367
0.0 0.8379260301589966 0.5620499849319458 0.028151988983154297 0.019307971000671387
0.0 0.9750039875507355 0.7373279929161072 0.04840797185897827 0.055181026458740234
0.0 0.17064601182937622 0.33330199122428894 0.030657052993774414 0.03956800699234009
0.0 0.948527991771698 0.5537800192832947 0.041085004806518555 0.04526197910308838
0.0 0.13656997680664062 0.551613986492157 0.04812502861022949 0.033782958984375
0.0 0.2704619765281677 0.40781599283218384 0.020835041999816895 0.021502971649169922
0.0 0.44479799270629883 0.9836500287055969 0.03266704082489014 0.020902037620544434
0.0 0.7882640063762665 0.15168899297714233 0.02676302194595337 0.02112400531768799
0.0 0.9829959869384766 0.3438270092010498 0.03242897987365723 0.03980600833892822
0.0 0.02028101682662964 0.933991014957428 0.03451704978942871 0.04999196529388428
0.0 0.49321699142456055 0.3345710039138794 0.03183794021606445 0.019367992877960205
0.0 0.13133198022842407 0.3284429907798767 0.018329977989196777 0.02060997486114502
0.0 0.7173569798469543 0.6799520254135132 0.14359700679779053 0.060853004455566406
0.0 0.6871680021286011 0.9609190225601196 0.037925004959106445 0.0460200309753418
0.0 0.6547290086746216 0.005336000118404627 0.03832900524139404 0.010273999534547329
0.0 0.6760469675064087 0.1987760066986084 0.03681302070617676 0.019293010234832764
0.0 0.9561749994754791 0.09040799736976624 0.08764904737472534 0.1112779974937439
0.0 0.2283250093460083 0.03385100141167641 0.024422049522399902 0.016346000134944916
0.0 0.43257302045822144 0.08795300126075745 0.02680504322052002 0.01597699522972107
0.0 0.24458599090576172 0.056689003482460976 0.020401954650878906 0.02754400297999382
0.0 0.5329570174217224 0.16750599443912506 0.021185994148254395 0.014732986688613892
0.0 0.8515380024909973 0.05764999985694885 0.02746403217315674 0.03074699640274048
0.0 0.3418859839439392 0.4336569905281067 0.023540019989013672 0.017935991287231445
0.0 0.9303990006446838 0.2824859917163849 0.028249025344848633 0.032028019428253174
0.0 0.28813600540161133 0.1841599941253662 0.047865986824035645 0.016014009714126587
0.0 0.825643002986908 0.6251839995384216 0.12162601947784424 0.030747056007385254
0.0 0.6224110126495361 0.6962860226631165 0.022755980491638184 0.014091968536376953
0.0 0.9362839758396149 0.5079619735479355 0.018047988414764404 0.032027989625930786
0.0 0.9832470118999481 0.5815110206604004 0.03350597620010376 0.032258033752441406
0.0 0.9712019860744476 0.6658599972724915 0.02667897939682007 0.024981975555419922
0.0 0.2649869918823242 0.543192982673645 0.039234042167663574 0.02690303325653076
0.0 0.5893129706382751 0.9649869799613953 0.04343998432159424 0.06851398944854736
0.0 0.7495290040969849 0.9240040183067322 0.02903294563293457 0.060853004455566406
0.0 0.08490300178527832 0.877564013004303 0.033740997314453125 0.01921701431274414
0.0 0.028594017028808594 0.6177150011062622 0.05533599853515625 0.08883297443389893
0.0 0.31599199771881104 0.10024700313806534 0.07533001899719238 0.08135099709033966
0.0 0.2830349802970886 0.9765300154685974 0.042373061180114746 0.04291701316833496
0.0 0.06685501337051392 0.7241500020027161 0.0949469804763794 0.0480419397354126
0.0 0.7408979833126068 0.8151090145111084 0.091808021068573 0.030105948448181152
0.0 0.19318902492523193 0.28568899631500244 0.06199002265930176 0.029465973377227783
0.0 0.2598869800567627 0.4570379853248596 0.03217196464538574 0.024981975555419922
0.0 0.3065760135650635 0.4932290017604828 0.020401954650878906 0.011529982089996338
0.0 0.5133399963378906 0.828881025314331 0.03217196464538574 0.008967995643615723
0.0 0.6401070058345795 0.09249299764633179 0.04061096906661987 0.0351409912109375
0.0 0.6076189875602722 0.10807400196790695 0.04873299598693848 0.01989099383354187
0.0 0.6847789883613586 0.07392799854278564 0.024366021156311035 0.025857999920845032
0.0 0.5446720123291016 0.44787898659706116 0.036550045013427734 0.05900996923446655
