0.0 0.8892080187797546 0.3842039704322815 0.06568896770477295 0.06362402439117432
0.0 0.8883540034294128 0.7365509867668152 0.04934501647949219 0.08705794811248779
0.0 0.609449028968811 0.7867749929428101 0.11246395111083984 0.11975395679473877
0.0 0.6598330140113831 0.36018499732017517 0.06715404987335205 0.10198897123336792
0.0 0.3003000020980835 0.8991159796714783 0.04111301898956299 0.06359302997589111
0.0 0.4380190074443817 0.8418660163879395 0.0372539758682251 0.04075896739959717
0.0 0.1681710034608841 0.4242759943008423 0.04435700178146362 0.05140101909637451
0.0 0.5382580161094666 0.22767099738121033 0.05313396453857422 0.06609100103378296
0.0 0.12886600568890572 0.6380680203437805 0.05659600347280502 0.044502973556518555
0.0 0.9026960134506226 0.6246619820594788 0.037364959716796875 0.0589369535446167
0.0 0.6203960180282593 0.6507700085639954 0.024495959281921387 0.03252995014190674
0.0 0.41429001092910767 0.5193520188331604 0.05049997568130493 0.09136497974395752
0.0 0.036549000069499016 0.74931800365448 0.057145003229379654 0.07051706314086914
0.0 0.6424700021743774 0.19105297327041626 0.047726988792419434 0.046229004859924316
0.0 0.2159309983253479 0.7344549894332886 0.042690008878707886 0.07171499729156494
0.0 0.49297499656677246 0.5140129923820496 0.03154397010803223 0.054957032203674316
0.0 0.028327999636530876 0.8418740034103394 0.0544000007212162 0.07354998588562012
0.0 0.32602399587631226 0.3028619885444641 0.050575971603393555 0.059562087059020996
0.0 0.25582798570394516 0.8821790218353271 0.0221949964761734 0.03627502918243408
0.0 0.7311069965362549 0.9498270153999329 0.09525299072265625 0.07313394546508789
0.0 0.01678900048136711 0.5312430262565613 0.03166700154542923 0.05660295486450195
0.0 0.7885370254516602 0.8042740225791931 0.04618704319000244 0.026586055755615234
0.0 0.18793000280857086 0.5827109813690186 0.020774006843566895 0.03595399856567383
0.0 0.1093979999423027 0.9709050059318542 0.0338750034570694 0.027402043342590332
0.0 0.2687009871006012 0.5492510199546814 0.046948015689849854 0.045400023460388184
0.0 0.6162750124931335 0.9834650158882141 0.05519604682922363 0.031474947929382324
0.0 0.3504289984703064 0.5678970217704773 0.0403289794921875 0.04134202003479004
0.0 0.7252749800682068 0.30507901310920715 0.05273604393005371 0.060144007205963135
0.0 0.06614900007843971 0.3188770115375519 0.12414401024580002 0.1302669644355774
0.0 0.1330219954252243 0.737030029296875 0.05169099569320679 0.05380403995513916
0.0 0.3419620096683502 0.8497189879417419 0.01976698637008667 0.028599977493286133
0.0 0.0889820009469986 0.9316859841346741 0.015365004539489746 0.027295947074890137
0.0 0.08092200011014938 0.8858109712600708 0.015245005488395691 0.02067697048187256
0.0 0.4692170023918152 0.23207199573516846 0.024443984031677246 0.036576032638549805
0.0 0.670993983745575 0.5434330105781555 0.04205203056335449 0.05619800090789795
0.0 0.6981599926948547 0.6118940114974976 0.04491901397705078 0.09815394878387451
0.0 0.09315700083971024 0.7020879983901978 0.019501999020576477 0.029273033142089844
0.0 0.12007700279355049 0.4715999960899353 0.057837001979351044 0.04762399196624756
0.0 0.5347340106964111 0.3533250093460083 0.042428016662597656 0.03175091743469238
0.0 0.16566699743270874 0.7933539748191833 0.01833900809288025 0.026826024055480957
0.0 0.19176499545574188 0.6362929940223694 0.02257099747657776 0.034613966941833496
0.0 0.13463200256228447 0.5220659971237183 0.026802994310855865 0.031152963638305664
0.0 0.03447399940341711 0.461059033870697 0.03244599886238575 0.03374898433685303
0.0 0.27922800928354263 0.20967498421669006 0.06348101794719696 0.04153698682785034
0.0 0.3702169954776764 0.807200014591217 0.04091000556945801 0.07009303569793701
0.0 0.2601830065250397 0.37971603870391846 0.035266995429992676 0.025094985961914062
0.0 0.20587199926376343 0.25943201780319214 0.02257099747657776 0.05797898769378662
0.0 0.5560749769210815 0.47836601734161377 0.04161500930786133 0.06143999099731445
0.0 0.567359983921051 0.3905330002307892 0.01622295379638672 0.043268024921417236
0.0 0.45450499653816223 0.760470986366272 0.06982898712158203 0.045863986015319824
0.0 0.06092400103807449 0.6557629704475403 0.02327600121498108 0.026826024055480957
0.0 0.020058000460267067 0.6362540125846863 0.040116000920534134 0.02934396266937256
0.0 0.6170870065689087 0.4787989854812622 0.02398204803466797 0.0899970531463623
0.0 0.7024329900741577 0.6830220222473145 0.009875059127807617 0.017307043075561523
0.0 0.9718739986419678 0.6008129715919495 0.03949904441833496 0.04153704643249512
0.0 0.9672899842262268 0.7063860297203064 0.043025970458984375 0.02596104145050049
0.0 0.9281430244445801 0.5324509739875793 0.06489205360412598 0.03634500503540039
0.0 0.8170520067214966 0.5588439702987671 0.017634034156799316 0.07009303569793701
0.0 0.5620700120925903 0.31567999720573425 0.02398204803466797 0.03547900915145874
0.0 0.49118301272392273 0.35808199644088745 0.030330002307891846 0.016441941261291504
0.0 0.4418089985847473 0.2680859863758087 0.013401985168457031 0.023364007472991943
0.0 0.11170899868011475 0.8353239893913269 0.014811992645263672 0.0224989652633667
