0.0 0.06031497099917685 0.7457983378129442 0.1206299419983537 0.14775009504762504
0.0 0.22783560732253436 0.1132205030459201 0.14873903321003706 0.07289319314883434
0.0 0.5972553352268652 0.5949286878936264 0.22742037191066122 0.14912500184394728
0.0 0.9405770007519894 0.11989894784598376 0.11884599849602118 0.14259394811852155
0.0 0.30243338583976836 0.7501868668795779 0.06582771484189742 0.03563477447239938
0.0 0.23830137814980198 0.39962020151527455 0.0923702221731893 0.04714862710948403
0.0 0.14275733427396098 0.8109675117522803 0.09378964550756944 0.06409470181610666
0.0 0.607770925673057 0.2620580296529248 0.050185643428411475 0.04190452166677511
0.0 0.6081394138385949 0.34756773885278613 0.05112180085124707 0.03382181238767906
0.0 0.5533113048304164 0.31921858945851456 0.04853683243662721 0.02743899055159227
0.0 0.3538988894300471 0.29459165364758566 0.06004496299709755 0.03333004387777938
