0.0 0.02862602472305298 0.500590980052948 0.05239403247833252 0.14291298389434814
0.0 0.7877050042152405 0.9421129822731018 0.03405606746673584 0.09925603866577148
0.0 0.6385440230369568 0.26135700196027756 0.05076301097869873 0.12797798216342926
0.0 0.4414049983024597 0.314222015440464 0.09662103652954102 0.22306101024150848
0.0 0.7595100104808807 0.17263199388980865 0.02347797155380249 0.10938999056816101
0.0 0.6545349955558777 0.698885977268219 0.021942973136901855 0.07090604305267334
0.0 0.23891901969909668 0.4386799931526184 0.04132497310638428 0.11316698789596558
0.0 0.337116003036499 0.40927600860595703 0.02477705478668213 0.056478023529052734
0.0 0.7962709963321686 0.3812839984893799 0.042195022106170654 0.09244799613952637
0.0 0.18689697980880737 0.23453499376773834 0.0196230411529541 0.05962398648262024
0.0 0.7527350187301636 0.46552199125289917 0.04742598533630371 0.09954297542572021
0.0 0.5590699911117554 0.2529999911785126 0.016514062881469727 0.06521499156951904
0.0 0.5438260138034821 0.17474199831485748 0.01651400327682495 0.06521499156951904
0.0 0.6257619857788086 0.13479800522327423 0.01397395133972168 0.040758997201919556
0.0 0.8855440020561218 0.5562480092048645 0.022866010665893555 0.022825002670288086
0.0 0.6044839918613434 0.7771620154380798 0.019689977169036865 0.050541043281555176
0.0 0.5838409960269928 0.7478150129318237 0.013974010944366455 0.03097701072692871
0.0 0.6330670118331909 0.05083499662578106 0.03366398811340332 0.06195399537682533
0.0 0.7928099930286407 0.5676599740982056 0.06605702638626099 0.1565150022506714
0.0 0.7331050038337708 0.5415740013122559 0.0330280065536499 0.0586930513381958
