0.0 0.19843199104070663 0.7501459717750549 0.25242598354816437 0.12905800342559814
0.0 0.4202660024166107 0.11497099697589874 0.1928120255470276 0.07963499426841736
0.0 0.7459250092506409 0.13269999250769615 0.19050097465515137 0.07339299470186234
0.0 0.14460699260234833 0.31322601437568665 0.17602699995040894 0.05665701627731323
0.0 0.9206709861755371 0.7108219861984253 0.07975196838378906 0.044960975646972656
0.0 0.43963998556137085 0.4152959883213043 0.07095897197723389 0.05587202310562134
0.0 0.21792300045490265 0.5090079754590988 0.31427499651908875 0.07541099190711975
0.0 0.15676099807024002 0.0269399993121624 0.2593719810247421 0.0538799986243248
0.0 0.20634900033473969 0.9337900280952454 0.14682498574256897 0.08588802814483643
0.0 0.7708330154418945 0.4668410122394562 0.10118997097015381 0.05435997247695923
0.0 0.08234100043773651 0.2195040062069893 0.1488099992275238 0.10110901296138763
0.0 0.642857015132904 0.06566599756479263 0.07142901420593262 0.06740599870681763
