0.0 0.10902579232945174 0.8137189803568128 0.21805158465890348 0.10948508189213901
0.0 0.130073318689893 0.34760615999302275 0.18424469664766696 0.08806479713846405
0.0 0.5301175235831835 0.7013614934698368 0.11207667045064529 0.04415522264537586
0.0 0.9136598925918472 0.1636994849113186 0.12396923506773683 0.04218975490173954
0.0 0.05625729662496417 0.548177981867941 0.11251459324992834 0.06353421242395241
0.0 0.028422804104793642 0.87531356228684 0.056845608209587284 0.04896374044861862
0.0 0.9788595574761503 0.4129758567692547 0.042280885047699446 0.04763801490962771
0.0 0.970214374230826 0.08210221737470076 0.05957125153834808 0.048080866925436144
0.0 0.20606587483417566 0.4304158567106078 0.11591648953261935 0.05715607774713588
0.0 0.6951445850256741 0.20679100346009097 0.24455211128011556 0.08207641086392725
