0.0 0.8991320133209229 0.6684989929199219 0.12293195724487305 0.04858100414276123
0.0 0.5112760066986084 0.7524199932813644 0.1760929822921753 0.048739999532699585
0.0 0.2633810043334961 0.6074579954147339 0.13501399755477905 0.0542219877243042
0.0 0.5612429976463318 0.25643497705459595 0.09406399726867676 0.02401900291442871
0.0 0.8097249865531921 0.7161409854888916 0.06252098083496094 0.01678699254989624
0.0 0.7194560170173645 0.3301129937171936 0.09307205677032471 0.048159003257751465
0.0 0.2907690107822418 0.7786339968442917 0.07761198282241821 0.01677200198173523
0.0 0.30678001046180725 0.7092680037021637 0.09421700239181519 0.02270597219467163
0.0 0.324429988861084 0.2984579801559448 0.06694000959396362 0.031177997589111328
0.0 0.1194550022482872 0.7225809991359711 0.059741005301475525 0.02040201425552368
0.0 0.3226909935474396 0.5516830086708069 0.05974799394607544 0.025283992290496826
0.0 0.6190360188484192 0.6806569993495941 0.04229700565338135 0.012925982475280762
0.0 0.6311209797859192 0.6513839960098267 0.04954802989959717 0.019008994102478027
0.0 0.6673759818077087 0.38469398021698 0.08822000026702881 0.011785030364990234
0.0 0.8800699710845947 0.33660298585891724 0.06163299083709717 0.01596701145172119
0.0 0.8244789838790894 0.3535199761390686 0.025377988815307617 0.01862800121307373
0.0 0.3525640070438385 0.3284289836883545 0.04350602626800537 0.012545943260192871
0.0 0.22990299761295319 0.40484297275543213 0.08096900582313538 0.025470972061157227
0.0 0.045607998967170715 0.46243900060653687 0.03867200016975403 0.010645031929016113
0.0 0.2770340070128441 0.5033070147037506 0.08580298721790314 0.016346991062164307
0.0 0.3332290053367615 0.5225059986114502 0.01933598518371582 0.006842970848083496
0.0 0.19727399945259094 0.71145099401474 0.020543992519378662 0.010644972324371338
0.0 0.12113899365067482 0.4865800142288208 0.04471399635076523 0.007984042167663574
0.0 0.22567300498485565 0.670201987028122 0.031421005725860596 0.005702972412109375
0.0 0.9157199859619141 0.7101199924945831 0.04833996295928955 0.02014899253845215
0.0 0.6129940152168274 0.4713730216026306 0.06404995918273926 0.008744001388549805
