0.0 0.2746250033378601 0.3371570110321045 0.04768502712249756 0.0553399920463562
0.0 0.7639679908752441 0.8198220133781433 0.030019044876098633 0.04399299621582031
0.0 0.475287988781929 0.41493600606918335 0.05434998869895935 0.09304898977279663
0.0 0.4996339827775955 0.32368698716163635 0.04160699248313904 0.08076900243759155
0.0 0.7755990028381348 0.2878130078315735 0.0450129508972168 0.0645189881324768
0.0 0.7029139995574951 0.09334699809551239 0.04390299320220947 0.07577499747276306
0.0 0.3915410041809082 0.4322740137577057 0.02287900447845459 0.037976980209350586
0.0 0.2832860052585602 0.4534839987754822 0.08066600561141968 0.09932899475097656
0.0 0.6971840262413025 0.2158759981393814 0.03011000156402588 0.05110698938369751
0.0 0.3869369924068451 0.5427359938621521 0.024531006813049316 0.06058800220489502
0.0 0.08131100237369537 0.8914560079574585 0.022774994373321533 0.05279195308685303
0.0 0.32823899388313293 0.7669429779052734 0.02505701780319214 0.04349803924560547
0.0 0.17994000017642975 0.26448801159858704 0.04324600100517273 0.122996985912323
0.0 0.07729200273752213 0.39535900950431824 0.033712998032569885 0.035492002964019775
0.0 0.6890029907226562 0.39581599831581116 0.04021000862121582 0.0698930025100708
0.0 0.5251070111989975 0.6908940076828003 0.05748298764228821 0.08235001564025879
0.0 0.5654870271682739 0.34679099917411804 0.028609037399291992 0.05743300914764404
0.0 0.2307800054550171 0.5317239761352539 0.03269699215888977 0.04114103317260742
0.0 0.40324100852012634 0.6623709797859192 0.02428501844406128 0.0360950231552124
0.0 0.2449669912457466 0.7540770173072815 0.026895985007286072 0.05195295810699463
0.0 0.8288480043411255 0.5015109926462173 0.07280802726745605 0.08206102252006531
0.0 0.6081960201263428 0.6429939866065979 0.030933022499084473 0.03831493854522705
0.0 0.2636289894580841 0.5889520049095154 0.02751600742340088 0.04853403568267822
0.0 0.7317299842834473 0.4590519964694977 0.032163023948669434 0.043299973011016846
0.0 0.6747080087661743 0.3236820101737976 0.03521299362182617 0.04225897789001465
0.0 0.6705269813537598 0.6777909994125366 0.0347139835357666 0.037529945373535156
0.0 0.46695899963378906 0.8596230149269104 0.04871797561645508 0.10926604270935059
0.0 0.1302340030670166 0.6193230152130127 0.019760996103286743 0.04221701622009277
0.0 0.3809570074081421 0.786083996295929 0.021233022212982178 0.03669703006744385
0.0 0.37145599722862244 0.3102239966392517 0.05376201868057251 0.053331971168518066
0.0 0.7705609798431396 0.13734300434589386 0.027315974235534668 0.05607900023460388
0.0 0.4587010145187378 0.31211501359939575 0.02883899211883545 0.07691401243209839
0.0 0.22431300580501556 0.23352700471878052 0.01901799440383911 0.03905200958251953
0.0 0.29344698786735535 0.8055329918861389 0.02046501636505127 0.024134039878845215
0.0 0.1357859931886196 0.7440400123596191 0.04793799668550491 0.0351029634475708
0.0 0.11383599415421486 0.3618519902229309 0.03084399551153183 0.03381997346878052
0.0 0.9845330119132996 0.7055069804191589 0.021155953407287598 0.0382770299911499
0.0 0.7051650285720825 0.8668439984321594 0.016306042671203613 0.032003045082092285
0.0 0.5488809943199158 0.8134260177612305 0.05525994300842285 0.035043954849243164
0.0 0.18362799286842346 0.6872360110282898 0.037333011627197266 0.04831099510192871
0.0 0.7699199914932251 0.3654269874095917 0.04511702060699463 0.0579410195350647
0.0 0.4995189905166626 0.7675179839134216 0.028396010398864746 0.03485095500946045
0.0 0.7784280180931091 0.5860660076141357 0.027227044105529785 0.028141021728515625
0.0 0.21805499494075775 0.45400500297546387 0.033899009227752686 0.027871012687683105
0.0 0.8396549820899963 0.7765259742736816 0.028777003288269043 0.13915801048278809
0.0 0.3257550001144409 0.354775995016098 0.014946997165679932 0.023896992206573486
0.0 0.12327300384640694 0.44621700048446655 0.025741003453731537 0.03995102643966675
0.0 0.9213050007820129 0.8336600065231323 0.026834964752197266 0.037116050720214844
0.0 0.6374650001525879 0.3154270052909851 0.014889955520629883 0.02358102798461914
0.0 0.41632598638534546 0.8502539992332458 0.016864001750946045 0.025722026824951172
0.0 0.46221399307250977 0.7673940062522888 0.023436009883880615 0.05222499370574951
0.0 0.3603380024433136 0.2388090118765831 0.020781993865966797 0.029328003525733948
0.0 0.6130030155181885 0.25584301352500916 0.014436006546020508 0.03811299800872803
0.0 0.6336619853973389 0.3928869962692261 0.035841941833496094 0.051087021827697754
0.0 0.469882994890213 0.6353489756584167 0.022898972034454346 0.03811299800872803
0.0 0.6080250144004822 0.20759299397468567 0.03434896469116211 0.03567999601364136
0.0 0.6585519909858704 0.20191699266433716 0.020907998085021973 0.027570992708206177
0.0 0.4649040102958679 0.1759680062532425 0.014934003353118896 0.0308150053024292
0.0 0.7807649970054626 0.544526994228363 0.022400975227355957 0.025138020515441895
0.0 0.7506470084190369 0.5412840247154236 0.02289903163909912 0.055953025817871094
0.0 0.3770410120487213 0.8599720001220703 0.03036600351333618 0.04946601390838623
0.0 0.3454299867153168 0.8883540034294128 0.024890005588531494 0.06892704963684082
0.0 0.22421301156282425 0.9370080232620239 0.10105501115322113 0.055953025817871094
0.0 0.49701298773288727 0.5988579988479614 0.0194149911403656 0.04460000991821289
0.0 0.45083001255989075 0.09101799875497818 0.008301019668579102 0.02392500638961792
0.0 0.5763090252876282 0.5903159976005554 0.03576004505157471 0.040567994117736816
