0.0 0.6533420235482819 0.16027241759227373 0.036027767645050335 0.052474563153938975
0.0 0.5779783553405047 0.4970197048886737 0.04054987617171035 0.0627112511705793
0.0 0.09615340690754391 0.8304830319671456 0.04109162596008159 0.0903371740936938
0.0 0.1667270576679225 0.9833610206264598 0.03810865996229079 0.033277958747080505
0.0 0.5057811991365577 0.1639369219539772 0.030478125341854567 0.04043734486595088
0.0 0.5554679508821001 0.41220325920074596 0.027370364236994016 0.052470156413162716
0.0 0.3860929453816045 0.6033243432421375 0.02267555644682273 0.030891966005007987
0.0 0.3116883322481948 0.44658051497627915 0.02565339162098995 0.04067033246662838
0.0 0.6192700244970779 0.5426329869895457 0.022542138942872936 0.044024716456915525
0.0 0.5867137587482618 0.8490207821966483 0.02779994500022076 0.03830406915949358
0.0 0.3558629816455287 0.15124418406386533 0.014270079409904657 0.024502657081631185
0.0 0.35264647820535633 0.24609040262826237 0.017557936946322517 0.029262247246553547
0.0 0.4474733376544391 0.0637799018446964 0.015252011270279586 0.025508101137318856
0.0 0.5906518384931717 0.30070078736313766 0.018891667584174376 0.03187447391753451
0.0 0.04161365400279539 0.9903244944818541 0.019309245178787855 0.019351011036291776
0.0 0.3573683928490883 0.8124933108907109 0.022418607187929318 0.035415934066334365
0.0 0.40442954405299325 0.2535850112363339 0.023216431997721554 0.037392023169944805
0.0 0.8777957125766602 0.6037226739199606 0.020607305063225945 0.02970979695059206
0.0 0.6718752427403085 0.7102310335187596 0.019048243994623015 0.03234907686585353
0.0 0.2500924945348207 0.6082126444284193 0.03891808889129353 0.07138140352482092
0.0 0.4212902254918543 0.5315170022099597 0.05394216057762746 0.08632083415251185
0.0 0.5220485782197072 0.19971198848448896 0.014834488295746961 0.02871751109370066
