0.0 0.5763047316493508 0.315431474121244 0.1335383219355385 0.11078008667337047
0.0 0.19306490821802152 0.20067119803375086 0.10881758116047688 0.07342719017212523
0.0 0.9699203994550314 0.32981652225474273 0.06015920108993733 0.07872181087491215
0.0 0.297185731055315 0.6913718440144352 0.0584755093838058 0.051238418451672874
0.0 0.6582413482370641 0.6143695665694748 0.11414662516133356 0.0862335074594528
0.0 0.7539425370571482 0.5205090774690142 0.11022747126359955 0.08772142623925283
0.0 0.13400949986005214 0.6539404534808395 0.0567127377383186 0.05975899246805305
0.0 0.9568016208126142 0.23548581014545766 0.07730449792486782 0.052273112742684064
0.0 0.21063507829768272 0.3418885558375907 0.17937894385056535 0.1271085343739226
0.0 0.6673777816029254 0.8869365466480728 0.09569358458734101 0.07645871559072037
0.0 0.70756834235031 0.673179877275816 0.06331383170040339 0.04041106491905111
0.0 0.3884299757204499 0.7071219243997385 0.052086625942093956 0.04253315979839756
0.0 0.17850926119865784 0.48524117909500547 0.06439851422500034 0.05274191787201754
0.0 0.9877354144122612 0.12379661297184177 0.024529171175477704 0.052742141717895
0.0 0.8255723695879118 0.5957047033128221 0.07132054435595869 0.050181019217418577
0.0 0.41030608715116357 0.45264924864291417 0.056550790131143 0.06163723265911247
0.0 0.10514836499783833 0.4005287636204201 0.07763146695590267 0.05376708232852817
0.0 0.43393319101443895 0.5768239266312218 0.0532324542596187 0.0400330154177172
0.0 0.5458018836524121 0.20108395581583854 0.07728553916945646 0.08567087247487662
0.0 0.837605061399192 0.10773163461416282 0.06376109079524062 0.05156250848764932
0.0 0.4706474343249588 0.950821592829907 0.06357280242731861 0.045045898468117684
0.0 0.9070046553210507 0.9131207823031519 0.03194880570398717 0.027196108488077186
0.0 0.8662451585139387 0.30190686814068945 0.09485671888719227 0.07452087905780586
0.0 0.23191510355331105 0.7263945173586052 0.04155087468488844 0.028105687031811932
0.0 0.4213957578885703 0.3328705145721471 0.05459131659603417 0.044171365839764776
0.0 0.6245194289918707 0.21760867050688393 0.10149794572562432 0.091846490539785
0.0 0.4703013407657385 0.810658089343903 0.037320205170403076 0.030148683978529323
0.0 0.7456221387128881 0.24771509835023248 0.07337518707444846 0.07194168283225763
0.0 0.9279245936311412 0.6237848953501882 0.06814403486196863 0.0433555165139341
0.0 0.6063383290912621 0.5438782006617069 0.04738829914644416 0.033844290942899424
0.0 0.7090820311801544 0.7727491416683887 0.11356586769721022 0.053070823245567444
0.0 0.790782082954774 0.74169407711636 0.03036647200319098 0.030847322237668173
0.0 0.882957043950605 0.2187190385534638 0.03892562530663346 0.02656729769588731
0.0 0.3983658129637341 0.8029863488535287 0.043499614414072185 0.03158374552455989
0.0 0.035624099559651144 0.5751562781911945 0.07124819911930229 0.05677496300804019
0.0 0.8432991655536572 0.1532770288375573 0.03494045009843261 0.04206849692473641
0.0 0.12095891983846208 0.7154262931790464 0.10718077187308378 0.05348937540661991
0.0 0.08878186208950055 0.8462042807932214 0.1575342748164941 0.08863406706627441
0.0 0.9354741949489169 0.10452262499379616 0.05106846973766721 0.043107746089262725
0.0 0.10048005008815691 0.3234525680725056 0.048924393346023234 0.030146124409677788
0.0 0.40360054810096735 0.2098528044451523 0.07364647164900612 0.050731382147117615
0.0 0.5533060718709015 0.5452986969200107 0.039877478020106216 0.042814383835036995
0.0 0.3306731929441054 0.8043261412169938 0.049826828498122144 0.046421066800996225
0.0 0.6138982603873084 0.6971844246218761 0.05451728243558429 0.040335812906419855
0.0 0.5477953730105847 0.7001258005749014 0.05348752420574032 0.05628591864229493
0.0 0.3717827456546492 0.10074134273240253 0.08185716989952335 0.05321047897579914
0.0 0.3801284633631498 0.1728731379466903 0.11239423790468095 0.04908881771370091
0.0 0.2858557388573869 0.21947108093808304 0.04636071949719328 0.039535149279839116
0.0 0.27250523634024837 0.24063773048936354 0.07133911944013477 0.037332659426524556
0.0 0.6083552565986139 0.5035218625527336 0.034435024241376344 0.03237796298294893
0.0 0.32170251794207905 0.9138600518569657 0.112240444802646 0.07808532589200279
0.0 0.51613944847827 0.7471843128467482 0.07183240662138979 0.04347561911174158
0.0 0.5674904114108592 0.8113258826294407 0.057939809598104186 0.0609685567812136
0.0 0.6211692458990317 0.7956612351281271 0.03236873333984713 0.030435015307386792
