0.0 0.6449869871139526 0.26205798983573914 0.055236995220184326 0.03149700164794922
0.0 0.38716697692871094 0.9565929770469666 0.08875203132629395 0.07283902168273926
0.0 0.4382820129394531 0.22906099259853363 0.06403005123138428 0.04251900315284729
0.0 0.4982849955558777 0.6113259792327881 0.06977701187133789 0.06455099582672119
0.0 0.7729659974575043 0.5026349872350693 0.05530500411987305 0.036255985498428345
0.0 0.6267110109329224 0.692363977432251 0.045657992362976074 0.028018951416015625
0.0 0.12072402238845825 0.769320011138916 0.051857948303222656 0.036141037940979004
0.0 0.3716859817504883 0.3439269959926605 0.0638200044631958 0.04726201295852661
0.0 0.13881897926330566 0.8241980075836182 0.05866694450378418 0.0350569486618042
0.0 0.2905629873275757 0.901727020740509 0.06222403049468994 0.026793956756591797
0.0 0.026157021522521973 0.07633200474083424 0.04549694061279297 0.046025004237890244
0.0 0.16006600856781006 0.07605200260877609 0.03763699531555176 0.025133997201919556
0.0 0.59272700548172 0.4411250054836273 0.04545700550079346 0.02486497163772583
0.0 0.0499039888381958 0.841454029083252 0.048509955406188965 0.02954697608947754
0.0 0.43356698751449585 0.35973599553108215 0.03609895706176758 0.02233600616455078
0.0 0.40012598037719727 0.6417639851570129 0.05226397514343262 0.04117298126220703
