0.0 0.4748453360454111 0.20704064851163645 0.14307197845488723 0.11933184046451825
0.0 0.7827747261904296 0.9017059114581529 0.10623801340076466 0.06972383655889114
0.0 0.9616521723754989 0.6375720210566307 0.07669565524900224 0.07291678243762123
0.0 0.4215092404247144 0.430833557330433 0.1064747583627173 0.10357240902045084
0.0 0.6007140825162456 0.1328488003495031 0.0816382589963578 0.047358345587015724
0.0 0.9543860932869468 0.8186634768052344 0.09122781342610653 0.0955846549622763
0.0 0.7466561022567144 0.4471494702534653 0.3191696806061247 0.2283090278410469
0.0 0.9094122520815309 0.32466764352115896 0.17269079678054322 0.1104735789513499
0.0 0.22055635470624266 0.051986605047083405 0.22556517808025106 0.10397321009416681
0.0 0.2918592534932741 0.22268797260137807 0.09041010103565619 0.07517551998897673
0.0 0.18618382062494784 0.9484922657274959 0.1489981923558233 0.1030154685450081
0.0 0.09007316689955386 0.7586479654725095 0.04482694415666415 0.03329397929076405
