0.0 0.27735891491174697 0.7320988930016756 0.15644904077053068 0.14041799202561378
0.0 0.8229168489575386 0.624548761099577 0.20011454522609706 0.20668048560619356
0.0 0.8158844992518425 0.4548448342457414 0.16013069450855255 0.17305941469967362
0.0 0.6314438983798027 0.746916566491127 0.08337230980396271 0.08514798939228063
0.0 0.3830635517835617 0.8900056049227715 0.26881093382835386 0.21998879015445705
0.0 0.700557866692543 0.9240264650434256 0.10384188294410701 0.12220973387360567
0.0 0.04559565335512161 0.726885496750474 0.09119130671024323 0.24062802359461788
0.0 0.9687104374170303 0.4157820772379637 0.06257912516593933 0.1219460508227348
0.0 0.4937382280826569 0.5798990650847554 0.16979767084121705 0.14421580843627457
0.0 0.7077197670936585 0.4834648928046227 0.12621311545372005 0.15251807034015658
0.0 0.07938939929008484 0.628170772343874 0.07474527955055237 0.08242273762822161
0.0 0.22448183298110963 0.9686740946024657 0.10287725329399111 0.06265181079506876
0.0 0.41477044075727465 0.7012723536416888 0.05380320847034453 0.05420623071491715
0.0 0.41470840126276015 0.48144977733492855 0.0719721704721451 0.06930260404944427
0.0 0.9641403555870056 0.9654752210527658 0.07171928882598877 0.06904955789446832
0.0 0.9703828483819962 0.15075366485863925 0.059234303236007646 0.09463899850845338
0.0 0.6238229379057885 0.2645708261243999 0.05880273878574371 0.06495506923645736
0.0 0.9848708003759384 0.8859636338800192 0.030258399248123125 0.09150691017508505
0.0 0.5277463316917419 0.148429704811424 0.03762812018394468 0.04667972948402166
