0.0 0.6753625985913725 0.8936017462141719 0.14364073838773106 0.21279650757165613
0.0 0.6974227145781468 0.3856352911780865 0.09322190587493151 0.2297288052361221
0.0 0.27063290621898295 0.07645170273147098 0.08551496255868957 0.15290340546294195
0.0 0.24657697025590014 0.7853448768787691 0.14429135214812303 0.2464832543394626
0.0 0.7804945106346711 0.610761807963101 0.05913906783673761 0.2328704795977246
0.0 0.8154317947149279 0.09489634299235089 0.05098783998923451 0.10148513054313744
0.0 0.6595011423705367 0.14443154112348602 0.0864936150665252 0.24402228793412134
0.0 0.7376788165985217 0.0722223695820566 0.04708797488781713 0.08909432210820575
0.0 0.8964393065857634 0.6593160673059997 0.07223839931838694 0.1750592154650198
0.0 0.8951205521474528 0.4531597433349458 0.06001301969446582 0.08394088368084807
0.0 0.9180740875038103 0.9961168964857897 0.08423233056981394 0.007766207028420569
0.0 0.993938556373632 0.1824771071520506 0.012122887252735803 0.12793402952769123
0.0 0.41107212730724146 0.2998955893458801 0.05945476423137486 0.23557606628180866
0.0 0.6725939362353381 0.5752987827346618 0.08846503448509402 0.09846961076508276
0.0 0.8618565735295827 0.9120331321171844 0.05056962290119438 0.1257120315121636
0.0 0.2054735161462797 0.31883925316485184 0.14180391585542967 0.1550748596425978
0.0 0.1399514456996364 0.07807819324496286 0.09390047815183329 0.14620953940132522
