0.0 0.765000507235527 0.39569685891270634 0.27537022233009334 0.2224477902054786
0.0 0.012168204784393311 0.2650618097186089 0.024336409568786622 0.08114286512136462
0.0 0.9137866646051407 0.612473371475935 0.1623888194561005 0.17468814551830292
0.0 0.2702308714389801 0.432667571157217 0.15173460245132445 0.1392973512411117
0.0 0.1089469999074936 0.5226549758017063 0.2178939998149872 0.14879423379898066
0.0 0.7835224747657776 0.025788906514644622 0.08572747707366946 0.051577813029289245
0.0 0.4459117531776428 0.06046161010861397 0.16588797569274905 0.12092322021722794
0.0 0.6830608993768692 0.08937994673848153 0.11682366728782645 0.053738534450531006
0.0 0.44474273920059204 0.25410070925951006 0.24299204349517822 0.07944053411483767
0.0 0.22862128019332886 0.9164847722649574 0.18925119638442994 0.058412738144397736
0.0 0.8851640075445175 0.07185691505670548 0.09579332470893864 0.07944053411483765
