0.0 0.5598323877900839 0.9703202947974205 0.13123695477843278 0.05935941040515902
0.0 0.9777350769937039 0.4762031514197588 0.044529846012592356 0.08911168053746227
0.0 0.07665633842349052 0.1475306804291904 0.05103617332875729 0.05208928305655719
0.0 0.4229995958134532 0.08835055567324161 0.05717554710805417 0.0524992223829031
0.0 0.54307003416121 0.8162009216845035 0.07371131762862204 0.08192605823278432
0.0 0.5453851665556431 0.3268916253000498 0.09742326527833933 0.06772866323590276
0.0 0.7258067975193262 0.6572716802358627 0.05724606320261949 0.048873983323574066
0.0 0.1635452186316252 0.38154023587703706 0.07097414940595628 0.060038745403289795
0.0 0.020822906158864497 0.3071236113086343 0.04164581231772899 0.057815112546086345
0.0 0.9267906264960766 0.5424606062471866 0.045050237774848956 0.05492539107799532
0.0 0.8036737683415414 0.6495482951402665 0.04949538052082059 0.05394493192434313
0.0 0.45632850445806983 0.8400950577110051 0.040710984468460054 0.047800051420927026
0.0 0.669744242504239 0.23731781244277955 0.039844037741422755 0.03978911116719244
0.0 0.08362428784370422 0.8376861769706011 0.07096972197294235 0.04431779310107231
0.0 0.18931345526129006 0.3355488371104002 0.034603755697607985 0.029880237579345714
0.0 0.5750076911598444 0.409067596681416 0.05502773478627199 0.04739044122397901
0.0 0.31905891854315993 0.22069210074841977 0.0400471923500299 0.042182955890893936
0.0 0.8115282651036978 0.7253782879561186 0.06658333495259283 0.04979616925120345
0.0 0.715458364635706 0.20309568252414464 0.04059697806835183 0.044331131502985954
0.0 0.6713634377717972 0.04478717045858502 0.028395710587501455 0.03685703594237565
0.0 0.02327813683077693 0.8873314317315817 0.04655627366155386 0.06363567933440217
