0.0 0.7843472567580638 0.4540455562275234 0.07815621489969671 0.060572580677186905
0.0 0.8946275652202869 0.8080297442856981 0.05868156534977509 0.08752294321505227
0.0 0.9303195563126252 0.5022076334185351 0.06176999146295803 0.04853222311583966
0.0 0.6480193292039249 0.06010309614753233 0.06688263686337093 0.05561102619019806
0.0 0.28412350250127 0.2463492173352332 0.07471183750456656 0.06147816774214382
0.0 0.19849483312003474 0.8328555861020519 0.10857726797188091 0.0828649786492347
0.0 0.35358494119950457 0.7192084745309173 0.07271551141705707 0.06633165689642595
0.0 0.4462965909240137 0.0327721487425392 0.022872184252339278 0.021415459272044735
0.0 0.3152489521161734 0.5361864343757736 0.055708698243784216 0.04538903448196929
0.0 0.77005428050353 0.191162632504324 0.044168080709998114 0.06474710681266371
0.0 0.8801501900665702 0.6972204621023996 0.049829498615040824 0.043583822712802034
0.0 0.5022151295421917 0.39234031191122265 0.045668548335708714 0.03747028039807959
0.0 0.5787422806037277 0.3599343990643554 0.03900721819980246 0.025795852093950855
0.0 0.041228153417496034 0.6081738079851132 0.05302353823479754 0.039417421143050246
0.0 0.5465550207292884 0.725125296359391 0.04927339299900113 0.0507004891549615
0.0 0.40271378708690353 0.6131468052386215 0.039787968295458 0.030629431097849324
0.0 0.5571780481626198 0.8548927895250977 0.03615132035822455 0.03456533065354994
0.0 0.43892642552960426 0.8545551980438539 0.05353748785420226 0.03491219099919873
0.0 0.6913836215128377 0.4860912084672905 0.08135165237774944 0.07316157305847565
0.0 0.8206379403900406 0.7009312755433683 0.04626163111233661 0.025584518156946623
0.0 0.7178112353494429 0.9090253923393508 0.0277447529398982 0.02290419660984322
0.0 0.40494104664912417 0.9246046635273573 0.061289436678432785 0.03981156577422795
0.0 0.5295969873695541 0.1813595325948405 0.04331159597809686 0.02549813496880865
0.0 0.8953571953218733 0.17300805666682345 0.02332473966636217 0.018170649049055076
0.0 0.3287329743953853 0.1292842801839699 0.036171707351953464 0.025490470047814406
0.0 0.6977311015607404 0.5939815779888926 0.08549789941956754 0.05230619824688254
0.0 0.8119662911410581 0.8955442006197417 0.01652735484777257 0.01803064797947851
0.0 0.24975189666813027 0.091668884642133 0.019495651313453488 0.01800348071618149
0.0 0.6435671441731887 0.23736768374222078 0.01831510713587925 0.013740037945149747
0.0 0.32459361068086534 0.9606997988400316 0.05876403996719354 0.03598342081508965
0.0 0.74149187312993 0.8582830267716844 0.029717399696886804 0.035204127644286265
0.0 0.978911487082316 0.16147510880116275 0.017521276704517863 0.015770455564337038
0.0 0.752100305947476 0.4982296814754904 0.023888982852757645 0.026235879573593468
0.0 0.29916364743822454 0.3298679419779652 0.029044444960680704 0.020856331320472377
0.0 0.13100587987911166 0.4840513744148788 0.02226352188249535 0.029377614390477647
0.0 0.5837374309040833 0.06634888223206711 0.026216879439080798 0.019903800297779252
0.0 0.702123068309354 0.050120379968134496 0.012526298321528517 0.021616316123312697
0.0 0.3641268894258118 0.9111499638260363 0.015833626410931 0.016141464567477448
0.0 0.41635911573077894 0.8862285138472987 0.02610603758772856 0.0182847480409567
