0.0 0.09158390736230598 0.4387037604721152 0.08219453035908808 0.0595856978592717
0.0 0.5550329794432063 0.1859587905175309 0.12402731824345248 0.07240147736379757
0.0 0.8486498916545544 0.6820622375225207 0.13372128248250692 0.08291442451521314
0.0 0.3982752176892414 0.20857632189948164 0.12275275333706681 0.07076856539812737
0.0 0.9714416101837037 0.5047482149288303 0.05711677963259265 0.06671567445623688
0.0 0.14841692435331422 0.7254598699400469 0.07912670715649064 0.05920848444319371
0.0 0.628450530254276 0.5428626610574021 0.08632201038052334 0.0859372151451156
0.0 0.757070223518705 0.23759009326248762 0.09930324695013715 0.049787960691433375
0.0 0.08206845445257685 0.5558559201781866 0.08102629251119721 0.06723049495305022
0.0 0.9698371563900325 0.3526078090101442 0.06032568721993492 0.04752873141672115
0.0 0.6396036772090316 0.43267973884383903 0.0824532860704017 0.04416004278181013
0.0 0.860540089421359 0.8356177933922572 0.05623040745879204 0.032171106702107766
0.0 0.9684978395205385 0.1442460081941147 0.06300432095892305 0.04835667951899805
0.0 0.9071065935184992 0.28010171086351804 0.12460067830568577 0.06671135752475199
0.0 0.2584827614123139 0.07444406449074664 0.05164164686427211 0.028426377190452448
0.0 0.5328000790037591 0.4304031728086902 0.0774073552670651 0.02971134438224965
0.0 0.3912695933330679 0.583366476095238 0.04487196826102158 0.040411715151844385
0.0 0.8083920583695652 0.5205833844187313 0.05641870178120967 0.029996309277478983
0.0 0.8188787781734128 0.5991217043456254 0.0593933846130269 0.02908237423898885
0.0 0.3230807421861793 0.6305721171572162 0.03887197126354813 0.021104363986274244
0.0 0.09705536183949319 0.7675776167922579 0.04696013950530234 0.02110220275882002
0.0 0.46993530830971286 0.2882064356701903 0.06797818322802818 0.0289628768852479
0.0 0.1706828375927631 0.18003654178116277 0.033851426551684966 0.028173647931661383
0.0 0.47704478013032553 0.6201551111871999 0.02645515370711382 0.019312477854941168
0.0 0.38366138744333345 0.32041886809490705 0.12686986812528328 0.047950509956901255
0.0 0.6458024972790174 0.7443250020500926 0.03393401189627365 0.021683602210349928
0.0 0.372139890358715 0.3947875264540418 0.06640641665298191 0.03371251603131442
0.0 0.46134380635024774 0.9983988112816564 0.04271941585934852 0.003202377436687054
0.0 0.45971556551018844 0.05751137369592794 0.04044554226127017 0.02425228653238569
0.0 0.2851779363771864 0.947652212223471 0.031828643033208204 0.028781685043161587
0.0 0.346575063317239 0.6794517031619511 0.07972320023865548 0.06280515283417498
0.0 0.17784544872364655 0.31307447981933706 0.04826665385101295 0.020967255715791056
0.0 0.48194842744639704 0.2227287733193884 0.03964859536791521 0.02549557611147274
