0.0 0.4661967498882643 0.5985167869404111 0.1857283414149083 0.09734008825399265
0.0 0.2176074750507363 0.07506325191667473 0.1284328678979857 0.0786883571543143
0.0 0.5961362674266504 0.4570512634083877 0.1301328841980115 0.07730854330988024
0.0 0.9343290549561094 0.7280809031925186 0.1313418900877813 0.078352704259118
0.0 0.7366095362361166 0.6908308866077623 0.13800887884183788 0.07087932948792175
0.0 0.8160839623594673 0.5475071903786219 0.09285235907383171 0.046569553972819255
0.0 0.6893908744384092 0.08546258757797137 0.07308168129746262 0.035605802439034176
0.0 0.8338844615476353 0.6184889137699088 0.1036032992795427 0.054862706021488794
0.0 0.882157719916557 0.40376878740562494 0.08003855937012938 0.054218932054159674
0.0 0.6136671091569481 0.12745731714502473 0.0705905344460197 0.04197293947797917
0.0 0.1240932038052514 0.6457544644740183 0.06874283455955066 0.05182695090706779
0.0 0.08866339121367314 0.4640470951162542 0.12046280232215051 0.062129807068761755
0.0 0.4290961658695588 0.31674305121237223 0.09379561863247038 0.05073671442593147
0.0 0.6109778731713019 0.3471092115961617 0.0681050477520484 0.036564174795423565
0.0 0.832279892037164 0.7497182735963654 0.05834417829286065 0.04044084282929317
0.0 0.7153333067092777 0.18471919847108437 0.0353511034872841 0.024744802163907925
0.0 0.9704672451641732 0.5094596020585732 0.048108876336552364 0.03677339056967083
0.0 0.8546189274173812 0.15785244793900371 0.03622074875693804 0.022886741739155947
0.0 0.763403827718085 0.6206108580359945 0.03555122941243205 0.02148886148267337
0.0 0.2654738182869154 0.4158270433013995 0.0635770037394241 0.037103929911848466
0.0 0.30223332487848326 0.1301489074395959 0.06139412741747574 0.02551537217667621
