0.0 0.10086798667907715 0.3315010070800781 0.12293195724487305 0.04858100414276123
0.0 0.4887239933013916 0.24758000671863556 0.1760929822921753 0.048739999532699585
0.0 0.7366189956665039 0.3925420045852661 0.13501399755477905 0.0542219877243042
0.0 0.4387570023536682 0.743565022945404 0.09406399726867676 0.02401900291442871
0.0 0.19027501344680786 0.2838590145111084 0.06252098083496094 0.01678699254989624
0.0 0.2805439829826355 0.6698870062828064 0.09307205677032471 0.048159003257751465
0.0 0.7092309892177582 0.2213660031557083 0.07761198282241821 0.01677200198173523
0.0 0.6932199895381927 0.2907319962978363 0.09421700239181519 0.02270597219467163
0.0 0.675570011138916 0.7015420198440552 0.06694000959396362 0.031177997589111328
0.0 0.8805449977517128 0.27741900086402893 0.059741005301475525 0.02040201425552368
0.0 0.6773090064525604 0.4483169913291931 0.05974799394607544 0.025283992290496826
0.0 0.3809639811515808 0.3193430006504059 0.04229700565338135 0.012925982475280762
0.0 0.3688790202140808 0.34861600399017334 0.04954802989959717 0.019008994102478027
0.0 0.33262401819229126 0.61530601978302 0.08822000026702881 0.011785030364990234
0.0 0.11993002891540527 0.6633970141410828 0.06163299083709717 0.01596701145172119
0.0 0.17552101612091064 0.6464800238609314 0.025377988815307617 0.01862800121307373
0.0 0.6474359929561615 0.6715710163116455 0.04350602626800537 0.012545943260192871
0.0 0.7700970023870468 0.5951570272445679 0.08096900582313538 0.025470972061157227
0.0 0.9543920010328293 0.5375609993934631 0.03867200016975403 0.010645031929016113
0.0 0.7229659929871559 0.4966929852962494 0.08580298721790314 0.016346991062164307
0.0 0.6667709946632385 0.4774940013885498 0.01933598518371582 0.006842970848083496
0.0 0.8027260005474091 0.28854900598526 0.020543992519378662 0.010644972324371338
0.0 0.8788610063493252 0.5134199857711792 0.04471399635076523 0.007984042167663574
0.0 0.7743269950151443 0.32979801297187805 0.031421005725860596 0.005702972412109375
0.0 0.08428001403808594 0.28988000750541687 0.04833996295928955 0.02014899253845215
0.0 0.3870059847831726 0.5286269783973694 0.06404995918273926 0.008744001388549805
