0.0 0.447733998298645 0.8109539747238159 0.07406902313232422 0.08368802070617676
0.0 0.7191179990768433 0.39016398787498474 0.06967604160308838 0.1214190125465393
0.0 0.14965499937534332 0.3483780026435852 0.040616005659103394 0.04488098621368408
0.0 0.530243992805481 0.5092199891805649 0.03773701190948486 0.03945997357368469
0.0 0.4227220118045807 0.6574779748916626 0.04318702220916748 0.06699395179748535
0.0 0.3861660063266754 0.25667399168014526 0.056909024715423584 0.05195498466491699
0.0 0.07501299865543842 0.1586969941854477 0.030300002545118332 0.042995989322662354
0.0 0.2918190062046051 0.075526999309659 0.030193984508514404 0.039146002382040024
0.0 0.045809000730514526 0.3064669966697693 0.03477700054645538 0.04457700252532959
0.0 0.4069409966468811 0.3203890025615692 0.025027990341186523 0.03605198860168457
0.0 0.35130900144577026 0.14810499548912048 0.02540600299835205 0.04194900393486023
0.0 0.8375980257987976 0.17536699771881104 0.023498058319091797 0.028586000204086304
0.0 0.013800999615341425 0.6163970232009888 0.027600998990237713 0.04915595054626465
0.0 0.2351749986410141 0.19558799266815186 0.019950002431869507 0.028560012578964233
0.0 0.7683830261230469 0.13029399514198303 0.022413969039916992 0.0236780047416687
0.0 0.3661850094795227 0.6808099746704102 0.035282015800476074 0.050511956214904785
