0.0 0.04954830102622509 0.22609150633215905 0.09909660205245018 0.12232219129800798
0.0 0.7661437755823135 0.7929005682468415 0.06958364844322207 0.09841904640197752
0.0 0.39302631229162216 0.31141050159931183 0.06226724535226824 0.05047897696495052
0.0 0.6198201349377632 0.5814920008182526 0.04998643994331364 0.0413569331169128
0.0 0.34203370273113254 0.43586338460445406 0.060116183757781994 0.072533518075943
0.0 0.45356710501015185 0.4784800082445144 0.1125353269279003 0.11362909078598021
0.0 0.2214724462851882 0.3650120884180069 0.07864915467798708 0.06153290271759032
0.0 0.1717547769099474 0.028394953906536104 0.0973735176026821 0.05678990781307221
0.0 0.21397111475467684 0.26840261220932005 0.04663781672716141 0.03576817512512204
0.0 0.38344162240624424 0.612369567155838 0.046562528610229525 0.08840521574020377
0.0 0.06829845413565636 0.8344004631042481 0.1365969082713127 0.1645409822463989
0.0 0.48500007003545764 0.8904265880584716 0.08074756264686589 0.1284309387207031
0.0 0.7759660235047341 0.429957515001297 0.04782249927520754 0.04512430429458619
0.0 0.7463895833492279 0.3614371150732041 0.03770018815994258 0.03564078807830812
0.0 0.8432943603396417 0.39610808789730073 0.03346688151359556 0.03516107201576235
0.0 0.03237383209168911 0.5672426864504814 0.06474766418337823 0.11431286633014681
0.0 0.789942125082016 0.90133096575737 0.02225901186466217 0.026583755016326927
0.0 0.8489391750097275 0.6518428146839141 0.04507150352001199 0.11480687856674188
0.0 0.7626468187570572 0.3151323884725571 0.04583053588867192 0.05196616649627689
0.0 0.6813327050209046 0.06444560587406159 0.07934150099754333 0.08532940745353698
0.0 0.7846262714266777 0.06968590915203095 0.07934150099754333 0.047903689742088314
0.0 0.7135182148218155 0.9656432926654815 0.044910290837287925 0.058382940292358354
