0.0 0.18904602527618408 0.552266001701355 0.08368802070617676 0.07406902313232422
0.0 0.6098360121250153 0.28088200092315674 0.1214190125465393 0.06967604160308838
0.0 0.6516219973564148 0.8503450155258179 0.04488098621368408 0.04061603546142578
0.0 0.4907800108194351 0.46975600719451904 0.03945997357368469 0.03773701190948486
0.0 0.3425220251083374 0.5772779583930969 0.06699395179748535 0.04318702220916748
0.0 0.7433260083198547 0.6138339936733246 0.05195498466491699 0.056909024715423584
0.0 0.8413030058145523 0.9249870181083679 0.042995989322662354 0.030300021171569824
0.0 0.924473000690341 0.7081809937953949 0.039146002382040024 0.030193984508514404
0.0 0.6935330033302307 0.9541909992694855 0.04457700252532959 0.03477698564529419
0.0 0.6796109974384308 0.5930590033531189 0.03605198860168457 0.025027990341186523
0.0 0.8518950045108795 0.6486909985542297 0.04194900393486023 0.02540600299835205
0.0 0.824633002281189 0.1624019742012024 0.028586000204086304 0.023498058319091797
0.0 0.38360297679901123 0.9861990213394165 0.04915595054626465 0.027601003646850586
0.0 0.8044120073318481 0.7648250162601471 0.028560012578964233 0.01994997262954712
0.0 0.869706004858017 0.23161697387695312 0.0236780047416687 0.022413969039916992
0.0 0.31919002532958984 0.6338149905204773 0.050511956214904785 0.035282015800476074
