0.0 0.8573830127716064 0.36820900440216064 0.06660199165344238 0.05824398994445801
0.0 0.8567020297050476 0.08573000319302082 0.07690298557281494 0.06720000132918358
0.0 0.15669600665569305 0.5648300051689148 0.04629099369049072 0.04078996181488037
0.0 0.17562801018357277 0.4433960020542145 0.13314300030469894 0.08969002962112427
0.0 0.4941309988498688 0.393559992313385 0.09508103132247925 0.08142000436782837
0.0 0.36476001143455505 0.7363539934158325 0.041858971118927 0.0342559814453125
0.0 0.9299299716949463 0.42340201139450073 0.05651998519897461 0.0360720157623291
0.0 0.5953779816627502 0.6380950212478638 0.09313702583312988 0.06733894348144531
0.0 0.9747499823570251 0.2558790221810341 0.04816305637359619 0.042433008551597595
0.0 0.14923200011253357 0.33083298802375793 0.07886400818824768 0.05227100849151611
0.0 0.7362629771232605 0.6012570261955261 0.05146503448486328 0.03398394584655762
0.0 0.5259759873151779 0.30757299065589905 0.07562997937202454 0.06776303052902222
0.0 0.28016600012779236 0.725836992263794 0.0418660044670105 0.03895103931427002
0.0 0.854436993598938 0.19948799908161163 0.047976016998291016 0.03911399841308594
0.0 0.8210200071334839 0.2969740033149719 0.062191009521484375 0.03597700595855713
0.0 0.3577750027179718 0.41621899604797363 0.03958398103713989 0.03242999315261841
0.0 0.6287149786949158 0.8625810146331787 0.07532095909118652 0.053367018699645996
0.0 0.6381250023841858 0.32453200221061707 0.052427053451538086 0.05356001853942871
0.0 0.9133729934692383 0.8012419939041138 0.027701973915100098 0.02724599838256836
0.0 0.35916200280189514 0.516388013958931 0.039627015590667725 0.052054017782211304
0.0 0.05940999835729599 0.2395309880375862 0.03446599841117859 0.033655986189842224
0.0 0.9759089946746826 0.3309749960899353 0.0456470251083374 0.0551530122756958
0.0 0.13600200414657593 0.7135739922523499 0.041920006275177 0.047106027603149414
0.0 0.46123799681663513 0.9341520071029663 0.0429379940032959 0.031373023986816406
0.0 0.6740990281105042 0.5513659715652466 0.08192896842956543 0.05073702335357666
0.0 0.3926270008087158 0.622314989566803 0.040319979190826416 0.03188300132751465
0.0 0.08980599790811539 0.5070769637823105 0.057294994592666626 0.035254985094070435
0.0 0.8456419706344604 0.8678590059280396 0.023650050163269043 0.02223503589630127
0.0 0.8385289907455444 0.6232969760894775 0.06042194366455078 0.03213298320770264
0.0 0.45825400948524475 0.3017059862613678 0.04947298765182495 0.06964796781539917
0.0 0.7029799818992615 0.196042999625206 0.04900705814361572 0.03679698705673218
0.0 0.754951000213623 0.36008399724960327 0.06081199645996094 0.048069000244140625
0.0 0.9709460139274597 0.12444300204515457 0.04355800151824951 0.0467119961977005
0.0 0.31202301383018494 0.3034929931163788 0.09985703229904175 0.051141977310180664
0.0 0.6524029970169067 0.7583529949188232 0.09875702857971191 0.026278972625732422
0.0 0.06487400084733963 0.43753498792648315 0.06491799652576447 0.026573002338409424
0.0 0.6400899887084961 0.6757349967956543 0.046759963035583496 0.02427995204925537
0.0 0.3297699987888336 0.9302449822425842 0.07235997915267944 0.0924680233001709
0.0 0.5614989995956421 0.7141309976577759 0.04819297790527344 0.03246903419494629
0.0 0.22544699907302856 0.7612410187721252 0.033895015716552734 0.021322965621948242
0.0 0.17785799503326416 0.9798439741134644 0.05981498956680298 0.04031205177307129
0.0 0.4386560022830963 0.8042119741439819 0.024843990802764893 0.022282004356384277
0.0 0.037245999090373516 0.6547060012817383 0.057610997930169106 0.04311800003051758
0.0 0.2356249988079071 0.341064989566803 0.027171999216079712 0.024882972240447998
0.0 0.7139710187911987 0.23720300942659378 0.022019028663635254 0.03602300584316254
0.0 0.3732199966907501 0.8026040196418762 0.03125697374343872 0.022202014923095703
0.0 0.11277599632740021 0.8794329762458801 0.1460990011692047 0.04939103126525879
0.0 0.5148680061101913 0.7955430150032043 0.07837799191474915 0.0989149808883667
0.0 0.75661301612854 0.2896119952201843 0.030184030532836914 0.01867002248764038
0.0 0.12632699310779572 0.7645210027694702 0.08933600783348083 0.0333709716796875
0.0 0.5023200064897537 0.7149710059165955 0.037592023611068726 0.043032050132751465
0.0 0.4991689771413803 0.5919399857521057 0.028435975313186646 0.03660404682159424
0.0 0.4017769992351532 0.03820699825882912 0.030028998851776123 0.02164199948310852
0.0 0.7898679971694946 0.1854269951581955 0.04187297821044922 0.02459201216697693
0.0 0.45547300577163696 0.16747400164604187 0.020641982555389404 0.0191819965839386
0.0 0.43217700719833374 0.09713999927043915 0.014154016971588135 0.023117005825042725
0.0 0.535090982913971 0.11681400239467621 0.04423201084136963 0.06639900803565979
0.0 0.4516400098800659 0.5961189866065979 0.03302699327468872 0.027542948722839355
0.0 0.9101790189743042 0.7026039958000183 0.04659104347229004 0.021149039268493652
0.0 0.5760790109634399 0.788923978805542 0.03656494617462158 0.028527021408081055
0.0 0.314520001411438 0.8368790149688721 0.03833502531051636 0.06344795227050781
0.0 0.721750020980835 0.7299020290374756 0.01887202262878418 0.023609042167663574
0.0 0.28886500000953674 0.2370709925889969 0.03538602590560913 0.020657986402511597
0.0 0.313634991645813 0.22133100032806396 0.029488027095794678 0.010820984840393066
0.0 0.6772230267524719 0.26781100034713745 0.0430530309677124 0.027051985263824463
0.0 0.37245500087738037 0.8276870250701904 0.022687971591949463 0.013808012008666992
