0.0 0.4552979561107092 0.23379543233312577 0.059163656329106806 0.03812426026004931
0.0 0.6431496581900895 0.4071843008700358 0.06969075972444616 0.043405266624622074
0.0 0.4281658562061789 0.8998168348788782 0.09337961855395471 0.047623366562878466
0.0 0.6288754961016385 0.9012649209064336 0.07040749315859207 0.04157746094028114
0.0 0.31283309464207165 0.3513369792614919 0.04669097149893647 0.031714649715920806
0.0 0.7499815217956414 0.8603272661411869 0.09046778136982148 0.06475676965021948
0.0 0.5549742866940839 0.39621528648752585 0.055655411765134 0.0306750284900702
0.0 0.5369126625937233 0.5944047253787519 0.03542324444746925 0.023705099306043143
0.0 0.3416557324867511 0.5999887530554399 0.0449358624984349 0.027595201406558356
0.0 0.7193113114038319 0.39008028350924107 0.04652614485301021 0.025373923010379495
0.0 0.925692516095831 0.5194533742395488 0.04379452803664008 0.029120675187686573
0.0 0.15531687838692534 0.46519952220215566 0.026592695568602942 0.015605459320654103
0.0 0.2259621391106716 0.4998405020556401 0.03196711655923698 0.01908067687757109
0.0 0.17746607059453318 0.3633891277811735 0.027844353184074994 0.016586844703502968
0.0 0.5028477346714247 0.3307407728240178 0.034726221319106576 0.020582965723930424
0.0 0.5043952885767331 0.9943666591789895 0.03636256766859847 0.011266681642021159
0.0 0.6714080078305691 0.6878488155871375 0.039162561840646926 0.024098444791751827
0.0 0.2827902690493832 0.4615642751577844 0.04116430324306569 0.025053255963588927
0.0 0.9015475280051806 0.4053518029170098 0.03519280135021796 0.020782138298597874
0.0 0.4067847682763657 0.7032491437420081 0.07639592960706698 0.04317884311892417
0.0 0.515691523463627 0.5423566360508351 0.09516941580367078 0.058134198976551366
0.0 0.35669456347041406 0.35062575106306393 0.03040188985757669 0.016663500643984752
