0.0 0.7884180597616312 0.9514916525782535 0.15834500031879317 0.09701669484349307
0.0 0.11822690733845823 0.6758014340592614 0.07829670155722727 0.14676468681702426
0.0 0.6336516320256509 0.42037432063165386 0.1592387674395589 0.23476074909272293
0.0 0.13280116723092608 0.026176898921136053 0.15361553672395342 0.05235379784227211
0.0 0.7959910866273223 0.7351439136198661 0.03819208678655506 0.06588179380769743
0.0 0.42275948821837767 0.7246230609755098 0.050596757842311435 0.09166116977383176
0.0 0.8591390838986314 0.9008333424268904 0.06839322726673269 0.09753032596583389
0.0 0.2799133145444515 0.3418716066247548 0.04457860975860739 0.05427936594885152
0.0 0.37081170605869423 0.35909259084749 0.03611003281248859 0.05285434321902732
0.0 0.34017564701140324 0.40586961063559523 0.029381813567464332 0.04889688325508723
0.0 0.31217371724443965 0.5921296169452472 0.03570329226295421 0.060321335054210334
