0.0 0.13673244275152682 0.38986487448215484 0.21938281133770943 0.20420102477073665
0.0 0.08426391318440438 0.08706249356269835 0.16852782636880875 0.14155304431915283
0.0 0.15572686947882175 0.5727141743898392 0.2254852958023548 0.1335770666599274
0.0 0.14994133830070497 0.9163654345273972 0.1655721515417099 0.16726913094520568
0.0 0.9868859583884477 0.7252021020650863 0.026228083223104437 0.08107829689979551
0.0 0.5903029196709395 0.5802228844165802 0.06210181042551988 0.05573319196701054
0.0 0.8180093006044626 0.6431220805644989 0.07484130635857578 0.03821600675582881
0.0 0.7543147154897452 0.3652543461322784 0.21496688500046734 0.119426429271698
0.0 0.3649826132506132 0.9911466825008393 0.06688013449311259 0.01770663499832148
0.0 0.41594088643789295 0.9616883027553558 0.03503293842077254 0.07662339448928834
0.0 0.2654618863761425 0.019809709787368776 0.08758099526166915 0.03961941957473755
