0.0 0.7957069994519801 0.9086845120945541 0.09442142939150844 0.18263097581089183
0.0 0.27556335294119993 0.362672767656756 0.07736519386681215 0.14790675507347506
0.0 0.3668069808880263 0.8887437651628971 0.08951850920603771 0.16829241721033794
0.0 0.17923510452630748 0.6438036608832587 0.08230831784959519 0.15727409295807604
0.0 0.7841668408093052 0.33430312922249306 0.14524290546454965 0.2766567926789681
0.0 0.36353168626927934 0.1416101914392787 0.20334328202941343 0.2832203828785574
0.0 0.013793032533167176 0.5963052824049835 0.02758606506633435 0.17733985011536313
0.0 0.20152670166585215 0.29977855410291104 0.08462315664180886 0.13591609689199577
0.0 0.5426756179768252 0.7774099379398357 0.05469029272196013 0.10121102295683948
0.0 0.4574485800325901 0.05258695972585517 0.07277503788644302 0.10517391945171034
0.0 0.49553795616214447 0.948716636696401 0.062364372878347174 0.10256672660719801
0.0 0.46711019045418345 0.3069627139202247 0.09327672670511444 0.19200910095184395
0.0 0.42793888844374117 0.6250016723146001 0.056897232318325774 0.10690758976279391
0.0 0.603542707698075 0.15922215778448828 0.08993668884298311 0.213889230156891
0.0 0.5213891959439639 0.5586344995354937 0.10129699027474265 0.22203121936605774
0.0 0.21807686256720757 0.16134934422860375 0.054197364160512185 0.11507799354561452
0.0 0.5829319195152347 0.5470094918279834 0.21326912664350706 0.33395921950517793
0.0 0.8915673268484907 0.46100301943090416 0.042170877630805736 0.09185680056226264
0.0 0.18032221439564114 0.4320391113404891 0.0793275124961566 0.13203584363518367
0.0 0.6108106115711751 0.37270029711659314 0.08926374772988044 0.1531855957846736
0.0 0.4277945675624253 0.4597177768058607 0.09630801761140956 0.1386717659250209
0.0 0.15937892985672292 0.12362226969861026 0.06045884754309691 0.11582442299562752
0.0 0.04620996589396292 0.21300651733195705 0.044645860782619784 0.0931421896095625
0.0 0.5346973112386862 0.984171099398532 0.04294971340797282 0.03165780120293615
0.0 0.5982119884524577 0.8646330422646591 0.024739663958640468 0.04849910807507485
0.0 0.11648335832380219 0.3158926636689208 0.03281823314746925 0.06501093320602469
