0.0 0.6784693346849078 0.4219972879071674 0.1246659860534427 0.06417674586813049
0.0 0.5545178278102514 0.08324859487626356 0.39703862493405817 0.1664971897525271
0.0 0.4459847935641619 0.8538537058530313 0.38940970818315074 0.2066470024676168
0.0 0.8169697578084854 0.7720148254314018 0.09450828094376174 0.047705023982009376
0.0 0.9357103678130643 0.9452268666633443 0.09906724473566553 0.05032232009813464
0.0 0.29383186404220335 0.6410022096646182 0.24026303605072188 0.13120849200171225
0.0 0.34584344618478025 0.7415153863894569 0.08206653718898715 0.04195617195010626
0.0 0.6739301704547143 0.9806813559322591 0.10172563714450422 0.03863728813548162
0.0 0.44891333728439253 0.3424089409574332 0.10799974935671536 0.06433502325710894
0.0 0.8749010885071021 0.8962176045344352 0.1807705064497569 0.08738975553578865
0.0 0.3614769976310911 0.8899813955504245 0.15042423831841462 0.08120662702487247
0.0 0.29806935226246095 0.5153939140615522 0.06565483778610948 0.04311975426152037
0.0 0.3586422172757638 0.3192961199368966 0.10532789720546654 0.07963654549436527
