0.0 0.17070499062538147 0.3507159948348999 0.11719101667404175 0.08358502388000488
0.0 0.14411601424217224 0.2421489953994751 0.06363600492477417 0.05868399143218994
0.0 0.7119250297546387 0.5351609885692596 0.13810503482818604 0.11967402696609497
0.0 0.26853999495506287 0.8001590073108673 0.07362502813339233 0.0623989999294281
0.0 0.43111398816108704 0.16280102729797363 0.056523025035858154 0.03470802307128906
0.0 0.9210960268974304 0.7962779998779297 0.06482696533203125 0.05066400766372681
0.0 0.05727002024650574 0.8593029975891113 0.0432010293006897 0.03528299927711487
0.0 0.021809011697769165 0.6592699885368347 0.040772974491119385 0.04120802879333496
0.0 0.25753700733184814 0.2211970090866089 0.03942000865936279 0.03372502326965332
0.0 0.026473015546798706 0.5184020102024078 0.04628700017929077 0.03864401578903198
0.0 0.7515100240707397 0.7265529930591583 0.0329289436340332 0.02504199743270874
0.0 0.14582499861717224 0.8639370054006577 0.05063503980636597 0.0741870105266571
0.0 0.36653798818588257 0.7509389966726303 0.027181029319763184 0.03524598479270935
0.0 0.306317001581192 0.5878460109233856 0.054480016231536865 0.032131969928741455
0.0 0.9468539953231812 0.9141680002212524 0.04651296138763428 0.03634899854660034
0.0 0.5821189880371094 0.360709011554718 0.0343780517578125 0.02725398540496826
0.0 0.28596600890159607 0.9459449984133244 0.06219702959060669 0.025266997516155243
0.0 0.9046310186386108 0.07430702447891235 0.1829010248184204 0.147102952003479
0.0 0.6466469764709473 0.3730890154838562 0.03388702869415283 0.04276299476623535
0.0 0.5943719744682312 0.23323798179626465 0.05225801467895508 0.07387697696685791
0.0 0.3279249668121338 0.6449699997901917 0.03290200233459473 0.039179980754852295
0.0 0.37697601318359375 0.42536699771881104 0.043493032455444336 0.03572702407836914
0.0 0.6357920169830322 0.6723890006542206 0.028210043907165527 0.041131019592285156
0.0 0.5415670275688171 0.6380960047245026 0.03864896297454834 0.0316389799118042
0.0 0.823527991771698 0.24119597673416138 0.03332102298736572 0.05983996391296387
0.0 0.84067702293396 0.43898099660873413 0.05328798294067383 0.02945399284362793
0.0 0.7856240272521973 0.46188098192214966 0.02487003803253174 0.020323991775512695
0.0 0.6506670117378235 0.09620201587677002 0.027894020080566406 0.03858602046966553
0.0 0.8503860235214233 0.35780102014541626 0.03369104862213135 0.02905094623565674
0.0 0.9087539911270142 0.21664398908615112 0.0646979808807373 0.06538593769073486
0.0 0.17148500680923462 0.01437300443649292 0.02721107006072998 0.028679966926574707
0.0 0.4256030023097992 0.061241984367370605 0.02947300672531128 0.026319026947021484
0.0 0.3567120134830475 0.3475540280342102 0.05581897497177124 0.04970502853393555
0.0 0.8035460114479065 0.0110129714012146 0.06383705139160156 0.0220259428024292
0.0 0.8527420163154602 0.1586809754371643 0.031921982765197754 0.027125954627990723
0.0 0.4949980080127716 0.3438029885292053 0.04975098371505737 0.04689300060272217
0.0 0.4047510027885437 0.7965400069952011 0.022128939628601074 0.021804988384246826
0.0 0.6080120205879211 0.9526950009167194 0.03396105766296387 0.019565999507904053
0.0 0.9095950126647949 0.3149920105934143 0.05997800827026367 0.017979979515075684
0.0 0.9219779968261719 0.8474439978599548 0.02141702175140381 0.014681011438369751
0.0 0.16518902778625488 0.7839660048484802 0.0395359992980957 0.017603009939193726
0.0 0.8120129704475403 0.6700359880924225 0.030212998390197754 0.029331982135772705
0.0 0.7654749751091003 0.9860030002892017 0.03172802925109863 0.01848600059747696
0.0 0.8642190098762512 0.9870599997229874 0.03496503829956055 0.021655001677572727
0.0 0.8959469795227051 0.9535209983587265 0.02848994731903076 0.033803001046180725
0.0 0.44228801131248474 0.5046559870243073 0.0735669732093811 0.03724700212478638
0.0 0.22923699021339417 0.9329549968242645 0.035540997982025146 0.045774996280670166
0.0 0.542087972164154 0.09031397104263306 0.10007500648498535 0.10604500770568848
0.0 0.44054603576660156 0.4463350176811218 0.036062002182006836 0.01987600326538086
0.0 0.15009698271751404 0.5258390009403229 0.01851898431777954 0.015106022357940674
0.0 0.8791419863700867 0.4256640076637268 0.024366021156311035 0.04054701328277588
0.0 0.7100390195846558 0.3906819820404053 0.04093599319458008 0.06598794460296631
0.0 0.8352829813957214 0.6562249958515167 0.026316046714782715 0.029416024684906006
0.0 0.43031200766563416 0.250357985496521 0.11111098527908325 0.03975200653076172
0.0 0.5245100259780884 0.032787978649139404 0.10021805763244629 0.05953395366668701
0.0 0.6318079829216003 0.04434001445770264 0.08823502063751221 0.03287696838378906
0.0 0.4346410036087036 0.09676599502563477 0.04684102535247803 0.022214055061340332
0.0 0.7805010080337524 0.9564599990844727 0.06318104267120361 0.02843400090932846
0.0 0.8921570181846619 0.912031002342701 0.07080602645874023 0.062199994921684265
0.0 0.8088240027427673 0.9013679996132851 0.034857988357543945 0.04265199601650238
0.0 0.7717859745025635 0.8920380026102066 0.03268003463745117 0.03465399146080017
