0.0 0.1864541515015715 0.4797850352952112 0.308472953011302 0.12917772672801037
0.0 0.6924596038894248 0.12184930280113401 0.1631941314158476 0.061138432389315475
0.0 0.9922663045897488 0.1319044840756011 0.015467390820502303 0.04931944094035408
0.0 0.4723492003588858 0.9211411361548408 0.13128866553046736 0.041008925536260676
0.0 0.47274900088741617 0.3073799527361668 0.16452229530370166 0.05914686946284192
0.0 0.024102223064326123 0.6609574105976412 0.04820444612865225 0.0612989785155903
0.0 0.3661784570037542 0.7474094158303056 0.0915136237023913 0.03150602833993732
0.0 0.959245208408935 0.33285347967905343 0.08150958318212997 0.05347584018523904
0.0 0.3645953967029555 0.3960690732366666 0.0775169494942945 0.03092149136768707
0.0 0.0673453883687647 0.8071006370270539 0.1346907767375294 0.06403402969387961
0.0 0.47753315991246303 0.6944180555068582 0.1051834521920132 0.05716788199302336
0.0 0.12964285577887308 0.8550942893226539 0.19758267470113586 0.08656927172593054
0.0 0.14911005797023147 0.7981629341310612 0.10068089193253908 0.05070522550410328
0.0 0.3241807757198242 0.23055379476703922 0.07166369108627796 0.028081225513851338
0.0 0.035402170050519745 0.5726913583566282 0.07029572560121193 0.020468096424425597
0.0 0.016545676318244076 0.5525729214764189 0.03309135263648815 0.025343145239790754
