0.0 0.2513417242094874 0.7943437364697457 0.2130487237125635 0.22266949683427817
0.0 0.1652243704535067 0.07856132976710796 0.2018357438966632 0.15712265953421592
0.0 0.1014746218919754 0.25010617688298226 0.2029492437839508 0.18760236889123916
0.0 0.04625298418104649 0.619633132070303 0.09250596836209297 0.14857610970735557
0.0 0.34292319789528847 0.4933691857010126 0.13584754317998882 0.1385296575725079
0.0 0.49202063903212545 0.2539511385560036 0.16137393862009047 0.1335693109035492
0.0 0.9112543538212776 0.3009485165029764 0.14641071259975424 0.17189285561442375
0.0 0.4799033038318157 0.07525636352598668 0.17169389873743052 0.15051272705197336
0.0 0.6695535324513913 0.603817749619484 0.14210435897111895 0.1340366387367249
0.0 0.9566013619303704 0.9396533621102572 0.08679727613925936 0.12069327577948574
0.0 0.6828198254108429 0.12457180380821228 0.15495727658271796 0.15803855866193772
0.0 0.6787498213350773 0.4872476452589035 0.0778492256999016 0.11530938416719438
0.0 0.4800373405218124 0.580351440012455 0.10076034665107725 0.08229292333126059
