0.0 0.6779670119285583 0.1707029938697815 0.19295799732208252 0.14328503608703613
0.0 0.4478040039539337 0.5894320011138916 0.13318699598312378 0.11235898733139038
0.0 0.946461021900177 0.6262730062007904 0.05551803112030029 0.032401978969573975
0.0 0.8729659914970398 0.2866520285606384 0.0989600419998169 0.060752034187316895
0.0 0.5456920266151428 0.08314597606658936 0.06014895439147949 0.048223018646240234
0.0 0.09861502051353455 0.7769329994916916 0.029823005199432373 0.033419013023376465
0.0 0.9438300132751465 0.41288602352142334 0.06196999549865723 0.059574007987976074
0.0 0.7404850125312805 0.7101159989833832 0.07243204116821289 0.0762069821357727
0.0 0.8089240193367004 0.7870980054140091 0.058537960052490234 0.047329992055892944
0.0 0.621167004108429 0.8534010089933872 0.061483025550842285 0.05392799526453018
0.0 0.6420069932937622 0.3005189895629883 0.06607997417449951 0.06605303287506104
0.0 0.7505149841308594 0.4439679980278015 0.05167496204376221 0.026379942893981934
0.0 0.7532960176467896 0.8969840072095394 0.044055938720703125 0.06442999094724655
0.0 0.8937129974365234 0.5185160040855408 0.04838395118713379 0.039762020111083984
0.0 0.948993980884552 0.7498109936714172 0.03034496307373047 0.02467399835586548
0.0 0.12780597805976868 0.3821669816970825 0.04933398962020874 0.05169999599456787
0.0 0.046535998582839966 0.6126660108566284 0.07899302244186401 0.03768497705459595
0.0 0.15192899107933044 0.9455979969352484 0.043796002864837646 0.045795004814863205
0.0 0.17987897992134094 0.21772700548171997 0.0563090443611145 0.03531599044799805
0.0 0.40322595834732056 0.16436898708343506 0.031350016593933105 0.03621399402618408
0.0 0.3664110004901886 0.719292014837265 0.030880987644195557 0.04056501388549805
0.0 0.10879898071289062 0.024998009204864502 0.0373460054397583 0.0477069616317749
0.0 0.6097850203514099 0.9751769993454218 0.09549605846405029 0.04964600130915642
0.0 0.32498401403427124 0.41432899236679077 0.03512001037597656 0.02560102939605713
0.0 0.46768200397491455 0.7768850028514862 0.028828024864196777 0.024129003286361694
0.0 0.02148500084877014 0.9590790010988712 0.04285496473312378 0.02323400229215622
0.0 0.29562199115753174 0.1457269787788391 0.08614397048950195 0.10673296451568604
0.0 0.39389801025390625 0.43042802810668945 0.03451204299926758 0.04176294803619385
0.0 0.9487590193748474 0.3450940251350403 0.058753013610839844 0.03375804424285889
0.0 0.018790006637573242 0.2602419853210449 0.03304398059844971 0.0316389799118042
0.0 0.27556300163269043 0.6771210134029388 0.03848695755004883 0.028048992156982422
0.0 0.018172025680541992 0.8149919956922531 0.03256499767303467 0.03869900107383728
0.0 0.08128902316093445 0.6687720119953156 0.034539997577667236 0.0364459753036499
0.0 0.5677840113639832 0.509678989648819 0.0678490400314331 0.031421005725860596
0.0 0.25580400228500366 0.39067500829696655 0.06364405155181885 0.04443097114562988
0.0 0.8329700231552124 0.6773000061511993 0.022452950477600098 0.034173011779785156
0.0 0.7841770052909851 0.5026640146970749 0.05148899555206299 0.020225971937179565
0.0 0.14503300189971924 0.4600070118904114 0.041252970695495605 0.035537004470825195
0.0 0.5582870244979858 0.3205869793891907 0.033671021461486816 0.0667489767074585
0.0 0.34120702743530273 0.2884320020675659 0.04604601860046387 0.06433796882629395
0.0 0.19969499111175537 0.11345100402832031 0.031129002571105957 0.02619302272796631
0.0 0.5198540091514587 0.7293519973754883 0.02398395538330078 0.022776007652282715
0.0 0.5820800065994263 0.43168801069259644 0.03365898132324219 0.03052997589111328
0.0 0.616150975227356 0.9012840017676353 0.02423703670501709 0.017139002680778503
0.0 0.4792790412902832 0.9933140000794083 0.04181098937988281 0.01275299908593297
0.0 0.7267090082168579 0.9903039992786944 0.026728034019470215 0.01784100104123354
0.0 0.13297098875045776 0.8254639953374863 0.015272974967956543 0.017066001892089844
0.0 0.787322998046875 0.41045498847961426 0.029590964317321777 0.023272037506103516
0.0 0.8302789926528931 0.3937770128250122 0.04104602336883545 0.03645896911621094
0.0 0.20169901847839355 0.5403879880905151 0.08591103553771973 0.024047017097473145
0.0 0.19788101315498352 0.48531198501586914 0.03054600954055786 0.017840981483459473
0.0 0.31624698638916016 0.9069140031933784 0.026727914810180664 0.021720007061958313
0.0 0.5377050042152405 0.7141480147838593 0.022909998893737793 0.03335601091384888
0.0 0.6069110035896301 0.4946200102567673 0.027681946754455566 0.03025302290916443
0.0 0.5090680420398712 0.527976006269455 0.02672797441482544 0.027149975299835205
