0.0 0.7556498378264399 0.18733351531832315 0.08581264005077305 0.10798094246022674
0.0 0.277464577269589 0.026536649981176868 0.05460371846185652 0.053073299962353736
0.0 0.5780484264530052 0.5201264607727102 0.1343387924912568 0.14794586731746223
0.0 0.5176083986868947 0.7446175290086765 0.11389828460209533 0.14949586173737006
0.0 0.07683534669109066 0.6806261109358663 0.07993025716994925 0.10585045663430637
0.0 0.9761008942137717 0.2554297721564965 0.04779821157245667 0.08689002127597545
0.0 0.6251026144250618 0.8728159254816674 0.04318917457760196 0.05286080366177248
0.0 0.8480697750804673 0.6158227947974552 0.06851895380578099 0.09894046051590455
0.0 0.6346775690848883 0.7304692624575482 0.09035338622273659 0.090966796273941
0.0 0.47777065559819965 0.2133131539891379 0.06918931478273788 0.09887384192568455
0.0 0.06221202064171162 0.2333095902363722 0.07760386066180933 0.09311182346040481
0.0 0.6282025586333564 0.4161269642083851 0.03205374933142735 0.04116145029871232
0.0 0.02541306843410816 0.33151141172791493 0.05082613686821632 0.09168809511961151
0.0 0.404155322825282 0.22445961606047876 0.046974956215260044 0.054160141825053715
0.0 0.22350956898153324 0.32149758310708737 0.054301009366076486 0.06917955742139292
0.0 0.5525834608687454 0.24555476441113275 0.047340930833394634 0.07030554584369048
0.0 0.3969401299396773 0.5076935313581891 0.0533681188270535 0.07345339000275203
0.0 0.17092033594707537 0.19628472001415986 0.05793136180070896 0.06417445067085739
0.0 0.2571428365487795 0.48199740878573805 0.056487961525651165 0.07738703936707525
0.0 0.8968774230708001 0.520587531960767 0.05251887870710126 0.07062880871029281
0.0 0.059665007855588835 0.4641377620921695 0.04005562640998457 0.0439318474357131
0.0 0.21800285319175583 0.03774577649112619 0.06670182451836212 0.07150247612094099
0.0 0.27359657775966684 0.7766039414070631 0.04248460834667345 0.06117029754101189
0.0 0.04824990509078452 0.8220434048926195 0.023550460579833593 0.027679776259802336
0.0 0.10219577657133236 0.05025522745719686 0.04998832894427478 0.07271556619803582
0.0 0.3298348651692753 0.9481430092993182 0.05854915147299766 0.09906827145127794
0.0 0.4991353384827807 0.8936374498012702 0.06803268747043245 0.08875803852294328
0.0 0.7363152116759433 0.6223467682359297 0.05054539755233989 0.04442764281803613
0.0 0.10091835120682882 0.7965931251861236 0.03742018166457119 0.037048195924387683
0.0 0.844833086730535 0.9898976269235752 0.060335659226638416 0.020204746152849618
0.0 0.14663983523750385 0.29141843480967244 0.06964994266873548 0.07434902532308063
0.0 0.24494349387806424 0.17298332976815622 0.02940437598838186 0.0420762523353001
0.0 0.3331410259077606 0.17939943734481972 0.05377737448079406 0.054769077110339154
0.0 0.22151267397571098 0.44837934370429816 0.028473827554613973 0.03779948825112334
0.0 0.7864302908885807 0.9290299277652219 0.05654775132881629 0.09574878197605496
0.0 0.38476020154886587 0.9668905971110077 0.02659451117230205 0.039887128703403274
0.0 0.625375016091402 0.2216225747342238 0.02645765450769455 0.03521395688754339
0.0 0.8324854460172568 0.1629120525606149 0.06666878004119625 0.06975450366956332
0.0 0.21876311517843564 0.7688928160058472 0.046673742344183866 0.04611098967271443
0.0 0.6482802246152102 0.11157446388611114 0.055069555366942025 0.058544334193039324
0.0 0.41955554057978284 0.8931392921581658 0.045976656142030614 0.060522397984838494
0.0 0.3184049780446761 0.7039009135285571 0.026529792771098015 0.029081778504876254
0.0 0.9217779792343384 0.7769994161876271 0.02925351349958405 0.040232485244826144
0.0 0.21620488307903127 0.09766169580267885 0.027819377387819644 0.034635809426592085
0.0 0.45564956757759834 0.007204652613316003 0.04739760316459418 0.014409305226632006
0.0 0.3100233317025229 0.45856734376389163 0.02754431728316631 0.03879118411804372
0.0 0.20310880697506872 0.8047446795992813 0.02497032574463831 0.026293785376982015
0.0 0.7052983099148333 0.3871791106911819 0.09870237692200357 0.1638616228786719
0.0 0.9675324136392307 0.5339135325606996 0.05491776429133244 0.05581648844697262
0.0 0.037947375898637906 0.16506891485249942 0.02059572935419792 0.0412388427159773
0.0 0.23024203327725087 0.225519051336047 0.028860756469661963 0.0435541990527942
0.0 0.05552445548931718 0.41374930231498763 0.02287289824171755 0.03252123553763514
0.0 0.16017902273865708 0.35031983714012704 0.02010610289049783 0.026585372026630805
0.0 0.14327679153624456 0.008490672682082865 0.03728504933238909 0.01698134536416573
0.0 0.3632343353197226 0.6458903757807353 0.023848683829738204 0.030195019404734458
0.0 0.3818774959119098 0.01788507128353521 0.03873819362473552 0.03577014256707042
0.0 0.10788636049869052 0.593223253646425 0.028787199263882637 0.05283284888032125
0.0 0.6827646547908087 0.25989395229826306 0.06356810907260524 0.1300830577269335
0.0 0.694531315270231 0.48551620984717764 0.019926821520894533 0.027829948005408278
0.0 0.60072525269724 0.10418967977193397 0.03589079640742654 0.03080279461388437
0.0 0.6846849625427702 0.08972732193961427 0.04042711911063812 0.0457957456377525
0.0 0.7625777918894399 0.13665211187004525 0.03151237181622102 0.03617016304230518
0.0 0.4472878852044021 0.7658598415082902 0.03686739852125964 0.04907364144998505
0.0 0.9441373261727579 0.6299182242134787 0.07812597407495292 0.07054948178651477
0.0 0.9493780587947445 0.45836074359491497 0.066724637583644 0.05345795654051594
0.0 0.45309301626327125 0.9898051238021525 0.10102010127516592 0.02038975239569507
0.0 0.04226173705354899 0.5312442211424477 0.08452347410709798 0.10665632468611108
0.0 0.8697669756362234 0.9299068317397045 0.05317013631821543 0.058803770245606346
0.0 0.5663034026921776 0.9883783892093467 0.07278178743803176 0.02324322158130654
0.0 0.8420683856329005 0.42108365141023485 0.054627557792779724 0.10107946644341809
0.0 0.1791889794767712 0.7272327432982554 0.04568809745946578 0.07207634933626195
0.0 0.3628696677789803 0.734701280535575 0.03304560351804864 0.04146367048623556
0.0 0.41076522671745574 0.704861051007944 0.016801745016528036 0.02448869692489386
0.0 0.7918179998913097 0.6461442520432776 0.017619045656909527 0.03475856720172199
0.0 0.11782592308332318 0.2156528259624524 0.04518750839274854 0.053849823900109506
0.0 0.12376715661116316 0.2534848566408484 0.032763972799082344 0.05529167792880196
0.0 0.11241100704491502 0.1648298838813961 0.03171065661402493 0.034307994030659095
0.0 0.4335373737618202 0.4564233177561267 0.06704742163031469 0.059930387805469665
