0.0 0.2790852857469859 0.40366164055691073 0.053630293839521836 0.07197969973524798
0.0 0.8157157367799293 0.6410793323407474 0.035235725569981446 0.05381901572262726
0.0 0.4797954860524434 0.3893920239907201 0.06595214174167391 0.10988910437148669
0.0 0.487936518765736 0.2941141450686013 0.05202427826725542 0.09298456519896972
0.0 0.7409687047452314 0.14177704674364627 0.05260218723227339 0.0793555502361479
0.0 0.6414930319606511 0.018555880165906258 0.05337348559298516 0.037111760331812516
0.0 0.4040466034430877 0.44161560659040744 0.02757099334071811 0.04515050792242914
0.0 0.3059367936038999 0.5080054248031071 0.0916431636577591 0.1270723054189405
0.0 0.6558468072776814 0.10875635003716991 0.03646640011110258 0.06046781038486697
0.0 0.4175135143049951 0.5462306324254055 0.032760726568751286 0.06687068724120637
0.0 0.187033494050608 0.9862935399719759 0.029858701561753465 0.02741292005604834
0.0 0.3985627786649789 0.7798529138313963 0.03050250327025178 0.05121933606285667
0.0 0.1785870332775012 0.37697712094641134 0.06036021097917957 0.1329251485041602
0.0 0.1033913606178613 0.5428344071364768 0.037331338335110056 0.0475137666497395
0.0 0.6771452363888348 0.27946556041477166 0.04896308000733174 0.08227730201650313
0.0 0.5709472168092518 0.6242991460015326 0.06716779433633413 0.10129981860574355
0.0 0.5534152233213119 0.28718157209228434 0.03607725920991178 0.06569800560575356
0.0 0.269291999090139 0.6033403605886172 0.03728800817446504 0.05232410749036975
0.0 0.45206545938280884 0.6503518957110613 0.02858659367139399 0.04400831991067933
0.0 0.31839642485862923 0.8038093305649695 0.033588405524828224 0.05986778689486982
0.0 0.8253131331476691 0.3173596013735115 0.08149353210381738 0.10764006643449664
0.0 0.6411584614436299 0.5439643150109619 0.035178697176851514 0.04893770710496392
0.0 0.3093126007386277 0.6423448447296425 0.03361942448573574 0.056958663142901766
0.0 0.727397021594923 0.3197922350644191 0.03713483263564121 0.05409969848388935
0.0 0.6521252147869734 0.21861083098851825 0.03982757950498905 0.0544477806964038
0.0 0.7052166600048586 0.5494145010731262 0.03859820596701702 0.04983887101648743
0.0 0.5435801660380302 0.8061399788185416 0.06328126729849692 0.12252753426120089
0.0 0.18910073238794772 0.7280874542114457 0.025329492300963097 0.04774529550008688
0.0 0.45108501744758955 0.7749026792351751 0.025821267912482015 0.04325150231816477
0.0 0.3655599087862259 0.33688106100505144 0.05900617575083961 0.07273469270246985
0.0 0.7120178108933163 0.018045002198615684 0.03464658787861197 0.03609000439723137
0.0 0.4476852744139994 0.30101456895988066 0.039429413222610454 0.08389686040781746
0.0 0.21521651604508302 0.3290760695174287 0.024123108878574245 0.044484294756735765
0.0 0.37214692650769654 0.8307103348766978 0.0230783333368611 0.031248105713581942
0.0 0.21438733373447752 0.8415670746220272 0.05060931803780838 0.05328668173533213
0.0 0.13226865178746103 0.49594404372532697 0.034371503184958074 0.04472306871912024
0.0 0.9955806409226717 0.4397537187500949 0.008838718154656533 0.04468623621842638
0.0 0.7681392845263297 0.7101253026255117 0.02044485899311177 0.03676564344463318
0.0 0.6129711424776658 0.7278906793327965 0.05746655102905629 0.05638936357066493
0.0 0.25010934558207143 0.7681594795438205 0.042790185488337296 0.06098490923588451
0.0 0.7481388302320919 0.21633676335961047 0.05164071555053973 0.07328887588014493
0.0 0.5592867028386885 0.7065245908268536 0.032241702674881245 0.04462528196681814
0.0 0.7916414012749955 0.41766223300063393 0.030065094239732693 0.03788701762144253
0.0 0.2448451440738825 0.5366196209280854 0.0362787843575037 0.04051336311679632
0.0 0.8797264085294297 0.5682140711024235 0.0493927354203485 0.1417006732633757
0.0 0.3298731846026255 0.39798210667301953 0.0178652096171677 0.028648282812014814
0.0 0.15470195479845977 0.5702574917845653 0.030572885898482116 0.04821878768539667
0.0 0.9654989016497266 0.5860863303487798 0.03114239553029463 0.04605658627109732
0.0 0.6158685627697833 0.22700177834141827 0.017760843188560305 0.028330123686019032
0.0 0.49458662062576664 0.8192701928384537 0.019956867753916196 0.03117059861000615
0.0 0.5242810339376527 0.7224967613409919 0.030387339031652916 0.05862845855572418
0.0 0.343635119408394 0.2753243138122748 0.024211846646444546 0.036210480774630516
0.0 0.5833342156794641 0.1821915839276692 0.019674804344405827 0.04163593409386665
0.0 0.6247732596538167 0.300609422751638 0.041838765044460935 0.06292109293614268
0.0 0.5102136283321661 0.5965073037319342 0.027611618738329402 0.04528549206907584
0.0 0.5708973143192989 0.13950947156131122 0.037958033710331573 0.047962683339262124
0.0 0.6173691258162762 0.11244674485807944 0.02404713341891407 0.03463238990146575
0.0 0.4315825761544232 0.17184618655718445 0.018966843027524827 0.035070166027657335
0.0 0.7871451909551772 0.3780607760671547 0.02505557536532288 0.03301575874061996
0.0 0.7583775409483979 0.388035792842255 0.03048396882327098 0.06186058621979823
0.0 0.459308657961166 0.8452403322885187 0.036442284537321346 0.05905358733689148
0.0 0.434232503549411 0.8852417867560349 0.03444001590063084 0.07477326297095965
0.0 0.32838514268119445 0.9674685868562017 0.10378091231508346 0.06506282628759652
0.0 0.5297817732312108 0.5509042425567687 0.025388667440607193 0.049810110681928754
0.0 0.4047063851349652 0.09898886944339522 0.011636929601283041 0.02580830813849895
0.0 0.6027726102042492 0.5087724000321825 0.04006836709693651 0.05311260701456216
