0.0 0.05683831057467119 0.8346573887539553 0.11367662114934238 0.06566425032157897
0.0 0.22491727297648456 0.5095875217469987 0.08877333467246598 0.06554631706889646
0.0 0.7202611736796254 0.7458655923588102 0.12162297726230897 0.06550537773371756
0.0 0.33555785443668407 0.4224815700310437 0.05192023222967512 0.03603695963643
0.0 0.09581682491249184 0.7227123782351532 0.09412224446314202 0.07294699576507813
0.0 0.20082865428021873 0.7094525858381973 0.04859811203322814 0.04264495660685785
0.0 0.02703984433947867 0.4270468759176864 0.05407968867895734 0.044725505956211886
0.0 0.3958010780759314 0.9911321256322424 0.20025688678275078 0.0177357487355152
0.0 0.9602523221194708 0.11651255992693547 0.07949535576105848 0.04018773790903038
0.0 0.058601980581517124 0.12605057005571169 0.11720396116303425 0.03605213625475846
0.0 0.9314088348400257 0.28647438594748653 0.10571548730914304 0.05409644044344458
0.0 0.5897672097358024 0.6494811020997527 0.03832274818856296 0.03768018352327207
