0.0 0.2846961051463353 0.4401780911676312 0.1201692675000815 0.07323260645487956
0.0 0.6159373491047488 0.3972224050950736 0.2583358454030965 0.14273842237263523
0.0 0.2794362735835564 0.6552284113528822 0.11934163572857678 0.07395385094343077
0.0 0.9386651814488728 0.3258752910588796 0.12266963710225443 0.1790163994512602
0.0 0.870941707511006 0.1443861900350195 0.09248799878041758 0.03957476877770458
0.0 0.18495701073950127 0.6245973662936972 0.06518990143080008 0.045225814681989274
0.0 0.29446349752167 0.771014435185494 0.19780287271649574 0.08463410295512175
0.0 0.6968854072357273 0.11424227519032215 0.21755214604986384 0.06859746367926785
0.0 0.22326922191093818 0.3395809989586783 0.062322154437271376 0.038563105770394734
0.0 0.9183399845760146 0.4701990775028947 0.13286744103559944 0.04523831602121825
0.0 0.14504988023313925 0.14472137451798076 0.10298780464959845 0.04539503693964793
0.0 0.6921293653852939 0.9556131160773498 0.07957334016553719 0.03304782830914188
0.0 0.9385734454562998 0.046948402909156625 0.09947306570189207 0.04354981634683153
0.0 0.8063759711064997 0.18175741450214783 0.17064746485288718 0.06159350445839509
0.0 0.47449804332709467 0.5927819828901799 0.08623337676995285 0.07071947188188499
