0.0 0.4731069803237915 0.898911003023386 0.09070301055908203 0.05932999402284622
0.0 0.4582200050354004 0.3592410087585449 0.14432597160339355 0.0690000057220459
0.0 0.6454470157623291 0.22075200080871582 0.11015605926513672 0.05478096008300781
0.0 0.6278600096702576 0.4636020064353943 0.08989298343658447 0.05918300151824951
0.0 0.13947400450706482 0.3830909729003906 0.05458801984786987 0.04168701171875
0.0 0.8152700066566467 0.133774995803833 0.13631200790405273 0.054934024810791016
0.0 0.05926799774169922 0.12603598833084106 0.04193603992462158 0.034597039222717285
0.0 0.7843949794769287 0.7716699987649918 0.04845905303955078 0.031329989433288574
0.0 0.19214701652526855 0.5600480139255524 0.09011101722717285 0.04153400659561157
0.0 0.8928390145301819 0.45754897594451904 0.052821993827819824 0.04488205909729004
0.0 0.7870140075683594 0.9676380017772317 0.04881000518798828 0.022672997787594795
0.0 0.7608529925346375 0.2704390287399292 0.07713496685028076 0.03916800022125244
0.0 0.8708530068397522 0.7957769930362701 0.054376959800720215 0.023663997650146484
0.0 0.5445070266723633 0.6292969882488251 0.0707559585571289 0.035678982734680176
0.0 0.778315007686615 0.33764898777008057 0.06856000423431396 0.031149983406066895
0.0 0.6859310269355774 0.5644879937171936 0.04625201225280762 0.027213990688323975
0.0 0.07509198784828186 0.4923660159111023 0.032566964626312256 0.02684199810028076
0.0 0.04169800877571106 0.19224202632904053 0.07627600431442261 0.04241800308227539
0.0 0.8452720046043396 0.6971989870071411 0.025056958198547363 0.021665990352630615
0.0 0.7010359764099121 0.1398339867591858 0.0359339714050293 0.03457605838775635
0.0 0.9215750098228455 0.3393210172653198 0.029000043869018555 0.03138101100921631
0.0 0.9439370036125183 0.9129209965467453 0.02480494976043701 0.014436006546020508
0.0 0.3660709857940674 0.567221999168396 0.03306901454925537 0.033610999584198
