0.0 0.17746477007865907 0.389222277700901 0.09958874464035036 0.11758457422256469
0.0 0.6782048544287682 0.006852767243981361 0.14448862493038173 0.013705534487962722
0.0 0.7279301768541336 0.8624227121472359 0.053408373594284075 0.06447795629501352
0.0 0.536528195142746 0.258237661421299 0.04695733308792116 0.05990750640630721
0.0 0.3601012098789215 0.42892875894904137 0.07972280263900755 0.06855939775705333
0.0 0.8370579499006272 0.4869614649564028 0.06182643175125124 0.09034307673573494
0.0 0.9536505946516991 0.9784331247210503 0.05116522729396822 0.043133750557899475
0.0 0.7778042739629746 0.9998369894921779 0.05304663300514223 0.0003260210156440513
0.0 0.7612370514869691 0.45398116782307624 0.04290186643600469 0.039731934666633606
0.0 0.9662550553679465 0.5422969602048398 0.04991927921771999 0.040332029759883814
0.0 0.9097502887248993 0.7266597133129835 0.03398645043373105 0.03167058154940605
0.0 0.3323361301422119 0.5186812974512577 0.060109227895736694 0.0560102000832558
