0.0 0.049352531433105466 0.9398355621099472 0.09870506286621093 0.12032887578010554
0.0 0.909563137292862 0.6055037117004395 0.11275676965713499 0.08532546758651738
0.0 0.7311843417584896 0.671567324399948 0.11583057314157486 0.15774478912353518
0.0 0.024588645100593567 0.4968584752082825 0.049177290201187135 0.13235671520233155
0.0 0.03838088527321815 0.000983627438545227 0.0767617705464363 0.001967254877090454
0.0 0.9149318759143352 0.07496722102165222 0.0948943367600441 0.10082327127456667
0.0 0.02144685387611389 0.16464768409729003 0.04289370775222778 0.14381285905838012
0.0 0.46827744573354724 0.3099994605779648 0.12135991036891941 0.18203932642936707
0.0 0.17337214976549148 0.4362137025594711 0.19660220146179197 0.15291182398796077
0.0 0.29594626933336254 0.29543570935726166 0.07281387269496914 0.08009821772575376
0.0 0.18186842411756515 0.8694664722681046 0.08252435624599458 0.10194126963615413
