0.0 0.20341731331806023 0.4481781503502067 0.09015467230320443 0.07712267904963699
0.0 0.5977521375326073 0.736709786584361 0.12734003388768333 0.07477722131353115
0.0 0.691539722080598 0.17953673265259795 0.04843083029280737 0.042237786187112075
0.0 0.49644816399246183 0.5449738730509412 0.04276669669302574 0.03912692378967275
0.0 0.3586015975857594 0.4316215451681525 0.07069533332256361 0.04591745156404814
0.0 0.761232217473073 0.41663626322614866 0.05697033817302477 0.058610842085719594
0.0 0.8873374416753232 0.1161209995175653 0.0456080906965729 0.03200650993300545
0.0 0.9503332112617376 0.3334198487595811 0.041763010191937955 0.03170140610333416
0.0 0.7428034310094903 0.07972187768246546 0.04759317414787012 0.03648656344480817
0.0 0.695856217192214 0.4337165718110658 0.03820756161087191 0.02646560901821554
0.0 0.8725817554935515 0.388065274612195 0.04411681205674767 0.027144733249372555
0.0 0.8008813726720716 0.8642989491637199 0.03062978437718633 0.024573113783227907
0.0 0.43698190188206476 0.032103840040973206 0.05149744787225469 0.02967696479791774
0.0 0.8359163885583669 0.27151421340084764 0.030278909468498205 0.021086684117442633
0.0 0.8521230294377711 0.7986654012840009 0.02564112535843044 0.023252073175805354
0.0 0.34053671715904027 0.3748702297697204 0.05355185177619881 0.037292416172686804
