0.0 0.7384459972381592 0.5290650129318237 0.26538896560668945 0.12043702602386475
0.0 0.687144011259079 0.7776179909706116 0.31399697065353394 0.17545700073242188
0.0 0.889178991317749 0.9159449934959412 0.19283199310302734 0.07410895824432373
0.0 0.06484299898147583 0.6987029910087585 0.12047100067138672 0.06633901596069336
0.0 0.047479987144470215 0.916903018951416 0.09495997428894043 0.11945497989654541
0.0 0.5593419969081879 0.7525100111961365 0.3429660201072693 0.16808795928955078
0.0 0.4709159731864929 0.5363019704818726 0.07561302185058594 0.04230499267578125
0.0 0.9335580170154572 0.7687839865684509 0.1182979941368103 0.03176403045654297
0.0 0.22957801818847656 0.45485202968120575 0.31076598167419434 0.12416401505470276
0.0 0.24906498193740845 0.27338600158691406 0.0706789493560791 0.025326013565063477
0.0 0.3193190097808838 0.3144780099391937 0.10628199577331543 0.053780972957611084
0.0 0.1618499755859375 0.48362401127815247 0.1954129934310913 0.06737202405929565
0.0 0.5352109968662262 0.39224401116371155 0.15649503469467163 0.07727998495101929
