0.0 0.7797941714278158 0.2922519933545372 0.18885523189143838 0.10050061846925656
0.0 0.2018125234823268 0.7025198067485272 0.20826575748762377 0.135078326240614
0.0 0.5799668527867183 0.5522870307873611 0.21288496745684815 0.1036517570575558
0.0 0.21935722484432357 0.1645557139464089 0.2987782870867278 0.17270825933138456
0.0 0.018627743357105805 0.3031654754830533 0.03725548671421161 0.11099540777443984
0.0 0.8562874678536588 0.640498653266512 0.28742506429268233 0.1649185285853879
0.0 0.1040290036092616 0.5580406595677789 0.18816096559770135 0.10918794194565318
0.0 0.5682311862754086 0.7150367130285672 0.2638082087157594 0.15792949564504988
0.0 0.4391412956042858 0.8561905281366372 0.2063367861852793 0.09997672915117617
0.0 0.3676587054752312 0.3856803040365391 0.17414346859184315 0.09148333545614756
0.0 0.8044161798976392 0.3744775026796668 0.10223122467367685 0.08263469827493941
0.0 0.4409309308316627 0.9765734753269609 0.0954229752785109 0.046853049346078146
0.0 0.7505174010229425 0.49867548887653856 0.09286638762184207 0.04763415436481799
0.0 0.5381921405456562 0.3202049605990883 0.1480040579283114 0.067070265483955
0.0 0.6557883406033647 0.30419870020609274 0.13651858644715265 0.09293859304501956
0.0 0.25225109693260034 0.4798510675314409 0.05434375633764699 0.03094053618762077
