0.0 0.31292334824800494 0.04373927712440491 0.1885649174451828 0.08747855424880982
0.0 0.23084952488541605 0.9249934554100037 0.2635974571108818 0.15001308917999268
0.0 0.5092324427515268 0.8923648744821548 0.21938281133770937 0.20420102477073665
0.0 0.8591576512157917 0.035143870115280154 0.12663156986236568 0.07028774023056031
0.0 0.5435466642677784 0.0957459807395935 0.11647555679082872 0.16791572570800783
0.0 0.4543275463581085 0.5895624935626984 0.17340056002140047 0.14155304431915283
0.0 0.8703108369559049 0.414454048871994 0.11913024559617047 0.13231905698776242
0.0 0.33922805890440944 0.2741322994232178 0.15562338829040528 0.16419239044189454
0.0 0.7370552811026574 0.3847782492637634 0.11662452965974801 0.05945137739181516
0.0 0.5673811654746532 0.2696448564529419 0.06044400483369827 0.08149688243865968
0.0 0.9046800549328327 0.1798564076423645 0.07961673587560647 0.11305704116821289
0.0 0.6379618863761425 0.4839978277683258 0.08758099526166918 0.11624318361282349
