0.0 0.5262733663248184 0.1525977330890104 0.14384471949490113 0.0723043412924152
0.0 0.5725663625726665 0.8579918559266226 0.0762279384850787 0.044081349550488036
0.0 0.8424401261363916 0.41242052137894214 0.1045315624916685 0.07040717279374359
0.0 0.26948583492002115 0.8127661301911732 0.08707321397886647 0.06913695385131957
0.0 0.6467629066233006 0.73012402927554 0.08068609236140944 0.05600260454296435
0.0 0.6738252955563522 0.6531334183939375 0.05083084731374554 0.02636049508545646
0.0 0.11732046843897512 0.46356360452004125 0.05109350586220375 0.03161880608143608
0.0 0.6913924947215451 0.41000182266219815 0.07929101734549937 0.04284600719963361
0.0 0.14180420006807878 0.6498233997520466 0.05633457771496342 0.03191091054366091
0.0 0.4753000057442101 0.8337735966062916 0.057104302918738914 0.03568989799711553
0.0 0.1875342222289162 0.7620944181702207 0.08117434835472537 0.04268896343253148
0.0 0.29135604360297984 0.6889093352494908 0.05080934110286367 0.03307569489842643
0.0 0.31847748221409455 0.4026916109048735 0.07303969135330979 0.05319146320621809
0.0 0.7009125854821414 0.7761263351335964 0.04765642661593017 0.02511448492672108
0.0 0.4782992957124231 0.9689655971373947 0.04781056370304804 0.026704662782536914
0.0 0.4175985260517492 0.9633557481846864 0.04727980571361984 0.03367161856650036
0.0 0.5918632673917006 0.314757448889482 0.04858940161363701 0.031559511734544465
0.0 0.5961135885565929 0.9233765078639915 0.044471845267409105 0.027338087001360756
0.0 0.29525417800784204 0.07476458491898749 0.03151454997276276 0.02259844601383809
0.0 0.35876795451823174 0.02257749445776929 0.03742751422849727 0.023469754562298703
0.0 0.37766050092821013 0.3935276090987616 0.04198856517862232 0.023336121051816372
0.0 0.28863645329055404 0.9553656979493785 0.042819849503258345 0.01938775165600959
0.0 0.2452573399869825 0.9060888646846874 0.07320583593985847 0.03848416666123666
0.0 0.6989934971287598 0.4541299652106731 0.03487463088341092 0.017606672440715232
