0.0 0.48384742957203886 0.4421342886021481 0.2173911349512152 0.20086540067225273
0.0 0.1834544206525544 0.38716866273152484 0.12368006215466783 0.08746426495160131
0.0 0.5978682843674207 0.5939044319082444 0.12220478198923335 0.08312151051874195
0.0 0.9069659960902646 0.7208898851943863 0.055253355719981245 0.04950804078215765
0.0 0.41524975819002397 0.5179306146682255 0.09342194199329346 0.05562520516130748
0.0 0.6614587080504253 0.31394323323576917 0.07241296888299409 0.08807427977413462
0.0 0.8948271953964846 0.3372900832954173 0.0827145674547608 0.07094874537433915
0.0 0.01884467799881874 0.4791471181242888 0.03768935599763748 0.0747359761055249
0.0 0.2682925524645565 0.6621183891715952 0.04497006829021005 0.06154753069588137
0.0 0.5576900071165791 0.26485928277749266 0.08085561330075841 0.0986120459742742
0.0 0.26712763808591566 0.27228031456923885 0.1719302934269302 0.08671478081283399
0.0 0.8282305250762019 0.5953352676195149 0.08533622754694192 0.058786031595749466
0.0 0.43483066677662774 0.692267625945564 0.19437266933499237 0.07781060789962801
0.0 0.7228475801721148 0.34093630486030807 0.17222115534350013 0.13614000763771827
0.0 0.7231716782732212 0.5689411961952833 0.0882798479171818 0.09309301815379267
0.0 0.7444076518387093 0.7430476193241301 0.25438065739708104 0.2601934857688939
0.0 0.6125294550506928 0.703906609852848 0.11925444167777577 0.13870940002646326
0.0 0.5460998453751293 0.08578492659815115 0.04951074779569453 0.057160313446584385
0.0 0.23489532471571567 0.1522975048575406 0.03874868201081538 0.04436798252007873
0.0 0.6483949450419288 0.13526180340311328 0.05302510872559563 0.03223907392605445
0.0 0.695935523633107 0.2255550037099705 0.048683350842587014 0.04230419948703956
0.0 0.8987774047212965 0.607582155685892 0.10716115364602397 0.08147526326358734
0.0 0.9570868137982034 0.7971275743804435 0.02598766896762661 0.025025307824575238
0.0 0.3387637515247091 0.47904914226179895 0.10463608066139884 0.11388884085375456
