0.0 0.4205442985892296 0.34896090388298034 0.13665045648813245 0.14888352155685425
0.0 0.620889766290784 0.8423427379131317 0.15401007637381559 0.10892879962921143
0.0 0.1366985872015357 0.6151836401224137 0.16789229825139046 0.12474541068077083
0.0 0.6789579298347235 0.029507349729537963 0.1332829357683658 0.05901469945907593
0.0 0.8898615339398384 0.8014835751056671 0.12093126088380812 0.10979300737380981
0.0 0.3416659418866038 0.7588235771656037 0.07284229546785354 0.0988495945930481
0.0 0.5378952258825302 0.030913336873054503 0.07570069164037707 0.06182667374610901
0.0 0.149868837967515 0.35283543527126315 0.1843834115564823 0.1515294134616852
0.0 0.8226527303457261 0.08729843258857727 0.06485973030328751 0.08129957914352418
0.0 0.17782645948231218 0.9226083254814148 0.07332811571657658 0.07083992958068852
0.0 0.34336958527565 0.6141899621486664 0.06294302612543107 0.10286196470260611
0.0 0.033212559800595044 0.49271164298057557 0.06642511960119009 0.13785127401351932
0.0 0.24633306458592416 0.21350462794303893 0.07476564384996892 0.07009481191635134
0.0 0.8772836586087942 0.9847556549310684 0.13586842373013497 0.03048869013786315
