0.0 0.5913488338936459 0.8293200239959481 0.09211438424920593 0.12756823223066482
0.0 0.5095666400226582 0.2793115208271255 0.1288600199273522 0.15581013747775524
0.0 0.9908347091495955 0.3137342872903085 0.018330581700809034 0.06992238323671934
0.0 0.20399889532072343 0.6396522785662464 0.0689386864537872 0.07987913461310991
0.0 0.7993587695889535 0.6275315770650409 0.04050936954404649 0.06203829943076111
0.0 0.33887743949096133 0.19936904712542225 0.028015882285203797 0.036962459041629564
0.0 0.6866211436045315 0.875804988785822 0.0640374714834453 0.0742097915829627
0.0 0.2991986430916903 0.02791994335765302 0.05598758301195811 0.05583988671530604
0.0 0.12119371600181622 0.822912409503923 0.037094777237170765 0.04816433808540865
0.0 0.7214456512920898 0.7745108531930492 0.03605624340833713 0.044116240806349794
0.0 0.8271351016127517 0.1611187171995836 0.07152157105955559 0.0815664125412899
0.0 0.9523714754885813 0.7584658158178889 0.04506682551811336 0.046880310018275306
0.0 0.3897866441232033 0.41713750651939785 0.03513845756236539 0.045184624092761916
0.0 0.2911482752471981 0.9132304057929457 0.04867655206841415 0.07613455420600435
0.0 0.4225287260681529 0.9256979826453005 0.04257031403147837 0.057820702426653936
0.0 0.6460073537483199 0.44065105024600026 0.028432071213573495 0.03807855450440861
0.0 0.07457992155497677 0.5928623244014412 0.029101985535079276 0.05809160077045483
0.0 0.6449220937657976 0.376103589911684 0.04269171560551832 0.03983697022318988
0.0 0.7624683210157279 0.45888944277358656 0.07519759221910716 0.0619616950694028
0.0 0.19363047836287128 0.03236071605789981 0.08658227508962973 0.06472143211579962
0.0 0.895776534856141 0.43512886543545803 0.03608153660876212 0.03634074919270025
0.0 0.18058524867123255 0.2954679437128821 0.05357046059323842 0.05506124570986609
0.0 0.3983924570716949 0.6487235500531588 0.03990683708218712 0.06178138630900132
0.0 0.3526715632860967 0.6168209300433067 0.036794507350951855 0.037693342929672746
0.0 0.2604763034430312 0.5589503219125873 0.032889692830150336 0.03172536602024667
0.0 0.6240257285596469 0.6522691381917706 0.05349031981321195 0.06073669710390872
0.0 0.5820763696268726 0.9915471503539464 0.09732147566714189 0.01690569929210728
0.0 0.33056747361458505 0.9595796985127563 0.02376451787545275 0.03690929584117153
0.0 0.898194297560404 0.8989518702464366 0.04334226690990606 0.03692764675583082
0.0 0.13000902027031352 0.7360018186114344 0.07703494371245982 0.06700025160574063
0.0 0.8927421721870292 0.6520857553357149 0.02795358787571256 0.03453531958426159
0.0 0.25133532664125113 0.9212206478149508 0.024778570755565277 0.03762896947001826
0.0 0.6146539868481617 0.17708631522078336 0.03467878714384243 0.05972836047746455
0.0 0.09947345467958395 0.8698475973190373 0.020041953179768784 0.02983870335899974
0.0 0.8685716249151577 0.2308162992404128 0.02617177736276277 0.032136594316018396
0.0 0.5840482247043974 0.22524300591919533 0.0219533989130849 0.027216229852624257
0.0 0.6468076572762249 0.5246055705562339 0.05069350411126938 0.060055526778439006
0.0 0.3713203727114486 0.32238317266010047 0.042855814906950396 0.036186639035836854
0.0 0.7850316973314426 0.2359592720960899 0.07047352556997277 0.04912275048820616
0.0 0.887676026583521 0.544369595969457 0.11502240116203466 0.11070743725794391
0.0 0.6895385877467493 0.18515857238274197 0.03181997471595166 0.03914851017189719
0.0 0.5577164766132989 0.6152679371694787 0.03596582208403032 0.04460144712122471
0.0 0.09170159746339772 0.910455976966664 0.018161757272231654 0.02353835915666036
0.0 0.10581844317811243 0.1247613256660886 0.019176642992852086 0.03132322384137906
0.0 0.11968270032010024 0.034597152983268244 0.020643106327446953 0.03091683900657065
0.0 0.11134613066526275 0.28459909889161994 0.025264355399990793 0.043350919478705674
0.0 0.1340731831039699 0.1368069364784233 0.021644314601661482 0.027339779476908146
0.0 0.41164821772354665 0.1455238979461444 0.049115014375976096 0.056000548197217184
0.0 0.08007475765014305 0.6485441211731693 0.05206790724247136 0.052183545337209036
0.0 0.03313893485835411 0.8726041716679107 0.06627786971670822 0.09680022517047826
0.0 0.2041479500035653 0.7356972923894232 0.020164118424395583 0.04584724278484065
0.0 0.3029565271187167 0.6530170663676405 0.040497435807889226 0.04058778935239871
0.0 0.2238237191496348 0.5165550568222889 0.034534352592759554 0.03833801166022166
0.0 0.4954260277811955 0.5325546900474594 0.04973919352902367 0.08395841795696685
0.0 0.43419659075546746 0.806093674174833 0.016960187913402147 0.028969797198180602
0.0 0.5398216222230486 0.756148108195746 0.029809582278681246 0.0444453970067048
0.0 0.7193053379984367 0.6039510008366474 0.05209447452745375 0.11410229045427212
0.0 0.9376829850614266 0.2084798732995068 0.124634029877147 0.18953681558123958
0.0 0.949153630693522 0.45981485463494165 0.06404456159254612 0.09976322745807814
0.0 0.9688898103318813 0.5425033797984214 0.058292093041090065 0.12268629635809525
0.0 0.6355163948890498 0.3109654253864437 0.06590449996036152 0.05532097386594503
0.0 0.1931804495817422 0.1214188996128298 0.05082314634621529 0.07702544092294863
0.0 0.6356984608865273 0.14210434275932116 0.03402372862045078 0.030146744595378083
0.0 0.5493538128473228 0.5495810647926207 0.024477241007172745 0.03695529689932686
