0.0 0.24475400149822235 0.5965070128440857 0.11829498410224915 0.180061936378479
0.0 0.7419999837875366 0.3888550102710724 0.12130105495452881 0.18096399307250977
0.0 0.3752399981021881 0.7831850051879883 0.13945800065994263 0.18425297737121582
0.0 0.3327609896659851 0.5067809820175171 0.0812079906463623 0.09484899044036865
0.0 0.19652000069618225 0.718425989151001 0.03003600239753723 0.05657005310058594
0.0 0.8032860159873962 0.1237730011343956 0.035981059074401855 0.0764399915933609
0.0 0.44585201144218445 0.9172509908676147 0.0884619951248169 0.07544398307800293
0.0 0.8067619800567627 0.3114970028400421 0.07617294788360596 0.15620899200439453
0.0 0.2406109943985939 0.9253720045089722 0.1176699846982956 0.14007604122161865
0.0 0.38509899377822876 0.1953890100121498 0.06536102294921875 0.2051740139722824
0.0 0.3269129991531372 0.6379309892654419 0.07273697853088379 0.10919499397277832
