0.0 0.5000533883090936 0.40428897554949306 0.13573562488558033 0.10991498886405299
0.0 0.5634806484408204 0.8428093740811027 0.056333373367611794 0.044215934626270936
0.0 0.7512502410351034 0.6488710492452585 0.1170274172499709 0.08164220532838995
0.0 0.0859081891277969 0.44719667386396433 0.11563082360758382 0.07914982615872651
0.0 0.8879135714890164 0.2567724727922833 0.09139432348699761 0.07694361995299842
0.0 0.8016734431539784 0.17988131064441729 0.07697608649513898 0.05273179498606373
0.0 0.834703499675606 0.6892295360520494 0.06302051761948302 0.03925098915240066
0.0 0.4864690481164004 0.29249398347150546 0.10297511297348005 0.0969023336032532
0.0 0.9230009405811983 0.901086052453944 0.09570376118258883 0.07833058539120619
0.0 0.8947829856697311 0.571755574057105 0.07224701905602182 0.05078861156342407
0.0 0.7559828772634969 0.2767877215769444 0.09968081541174179 0.07758980589632289
0.0 0.24094953656067802 0.7194822933460603 0.06610174097382793 0.05401438641473677
0.0 0.7802822526003702 0.5232769001583548 0.11508343072750482 0.09169398922099259
0.0 0.30062196068991553 0.8922553593035965 0.05641584070900979 0.0603553731829104
0.0 0.3749007743833102 0.48376489387940813 0.05138751369861727 0.04204588806154891
0.0 0.7840559493873527 0.05796295273995436 0.06835631124563735 0.05550984466749403
0.0 0.7015583659924352 0.9131453429423038 0.03852471232828869 0.030309253277990944
0.0 0.43339310443820467 0.6001378382771044 0.056530259396315174 0.062275225484586416
0.0 0.4717554066727644 0.8669554232354525 0.05931333999140792 0.050901832849266526
0.0 0.5273306527608445 0.7030219125684776 0.05554045495838483 0.041801956008197805
0.0 0.6177343480410276 0.1092391744577268 0.06014690201140416 0.05109059467905698
0.0 0.18544726918012608 0.5730292401173451 0.16960194334246997 0.12470745602603739
0.0 0.984137004580676 0.5534046843890998 0.03172599083864802 0.04604300859102717
0.0 0.12414465397696592 0.6677356130003329 0.07675062652980617 0.05095770873967287
0.0 0.40569850895365733 0.31022965722553364 0.08012156985193986 0.0897810291358534
0.0 0.6151437635459761 0.27046026905331233 0.07622260746767662 0.06875028316625872
0.0 0.663719557980109 0.6043881153960958 0.05433780301358049 0.0377365397705538
0.0 0.895881195621307 0.781202784671359 0.11575838267580663 0.05544921741247666
0.0 0.6319666045145349 0.934279546434517 0.04652332040857343 0.032121253636471114
0.0 0.28477949809368486 0.3751468098890171 0.0685970844698508 0.04984231537703654
0.0 0.16034338907420245 0.8606267235837892 0.08438555739825526 0.06156853151552777
0.0 0.9493476403900665 0.7192311946329512 0.030353859241266767 0.03210723328926024
0.0 0.3218700997232302 0.9541968950021094 0.12079974834963503 0.061062591913825015
0.0 0.19239087911351138 0.2987841068799795 0.047007998706907084 0.03719278743842569
0.0 0.6501449681531837 0.14808919715359103 0.034452694106047455 0.04220227979964583
0.0 0.614519012977351 0.6246916364131749 0.04398765713903052 0.045097591285353955
0.0 0.7240007803297382 0.19268772356845199 0.03971540370543436 0.02544230788236826
0.0 0.4345242004484178 0.9224029270444795 0.04224061107165755 0.027353906456919708
0.0 0.06140341051357259 0.6019370578963916 0.08232113612118105 0.04233311099700987
0.0 0.5696244914133148 0.9594342809090115 0.054895265234759516 0.05207046647578906
0.0 0.7055942251484517 0.06781787303003686 0.05160705387790854 0.04178886313464908
0.0 0.8558215568279128 0.49527228187413364 0.04989493419960145 0.04663828500142525
0.0 0.8273242393577509 0.8398492630705879 0.045973352349448104 0.04283419013461476
0.0 0.6270959346225901 0.19596160807279744 0.05997075504324245 0.03277323851965058
0.0 0.14278228447042404 0.9475594230721869 0.05748802600415971 0.04140166158417069
0.0 0.18285741758936372 0.42641916620176634 0.03430132800065866 0.030553535026389522
0.0 0.7713982477356063 0.4592411889626469 0.027306846137841956 0.024118594349043343
0.0 0.6343174352989986 0.5665782863804947 0.043248914221871604 0.038074747346241944
0.0 0.3216175990258474 0.14939490538353214 0.044481857940376235 0.029365414382758304
0.0 0.20704392567744226 0.2697348536883529 0.03675713920640977 0.015219147170455471
0.0 0.1354190220414874 0.3594390718299145 0.06570147194170817 0.04534463945859135
0.0 0.22622254588290258 0.3499885311656227 0.1036918529204579 0.051855404320555354
0.0 0.7670218818557872 0.7992119467292251 0.05133663880557948 0.056761906097939296
0.0 0.7449388160597801 0.8578511834755758 0.15550179281664123 0.12659652138073751
0.0 0.7003834473463865 0.7737211401184769 0.0396631017951139 0.05155085279418503
0.0 0.651440757365287 0.819626243044748 0.08249804268510863 0.05227977351138513
0.0 0.588985428854222 0.9880388175281571 0.05332578697305135 0.023922364943685603
0.0 0.6418595517550554 0.962286751104781 0.03807087120185548 0.029631993920379518
0.0 0.3256246227078248 0.30898450747956485 0.05433112641540133 0.06404204538833708
0.0 0.604245984414906 0.5025307059807719 0.028441495034930875 0.021830135953970597
0.0 0.5703226066005254 0.6485939992259657 0.04030938073679968 0.037513283946049136
