0.0 0.6624150688894419 0.3603354198029364 0.06809104211501193 0.05740218997240082
0.0 0.10264531202589765 0.16838352800356315 0.06787821574636069 0.043993675962747086
0.0 0.8086142836469032 0.2411021071792392 0.09942511887679462 0.12338264922644693
0.0 0.5210349499897169 0.3155738161724254 0.06029354089243194 0.04208202804893907
0.0 0.17246840337908478 0.4410206810690583 0.046639606691329105 0.045188509217619965
0.0 0.4821601532556434 0.4597220970502518 0.12234292917359968 0.13909402886596572
0.0 0.2173885842287953 0.5344959586686573 0.05978226986008664 0.04532385286056073
0.0 0.4867247770255768 0.8156546623761225 0.07205378156452874 0.09691637954288201
0.0 0.10731841022110006 0.4155304933665702 0.03525339335952318 0.03433037646471743
0.0 0.3346113026233871 0.5560771609325585 0.04277820436809582 0.03644105636767847
0.0 0.11764337269469624 0.6407152744373517 0.05008192378819948 0.10241836225341316
0.0 0.04111774698146259 0.08353562620450727 0.05225839670968299 0.0940089553988258
0.0 0.8468648861759334 0.7170149938782979 0.08595702908116187 0.10482822149832005
0.0 0.871346816179239 0.7358718384790898 0.14663938722553305 0.1555616537172524
0.0 0.2175723247384677 0.7730051390710426 0.07691809866788696 0.11412293192932166
0.0 0.6679288144838225 0.2763210641632798 0.04432163893534846 0.035035919837343
0.0 0.5516406849440328 0.5690183710381411 0.05063701281031174 0.09041645812606391
0.0 0.2729729141585995 0.9018428256637612 0.04730776739186074 0.0523396384179442
0.0 0.8851836225267682 0.5177356891706184 0.10392345956107663 0.09343103851535883
0.0 0.18788836671469156 0.15643447406806404 0.07329262832639702 0.07626316966905135
0.0 0.3337945126796893 0.12832141310460704 0.024811326045313387 0.02391580815326322
0.0 0.8286331445360291 0.6521470310487698 0.07533494555801512 0.03329779060080251
0.0 0.7032509386113163 0.43014705394747366 0.024891505430127525 0.03522610953340449
