0.0 0.653240978717804 0.42963600158691406 0.15463006496429443 0.11013901233673096
0.0 0.5388050079345703 0.40648698806762695 0.07096302509307861 0.1386699676513672
0.0 0.872642993927002 0.3738830089569092 0.09115099906921387 0.10957598686218262
0.0 0.346794992685318 0.8057270124554634 0.13086897134780884 0.20478297770023346
0.0 0.8102030158042908 0.6405110061168671 0.0299680233001709 0.03794300556182861
0.0 0.7690209746360779 0.610372006893158 0.034873008728027344 0.0466499924659729
0.0 0.029570013284683228 0.37445497512817383 0.03985100984573364 0.04937601089477539
0.0 0.9827389717102051 0.0559459924697876 0.0337369441986084 0.09089004993438721
0.0 0.4324069917201996 0.3907510042190552 0.024074018001556396 0.023120999336242676
0.0 0.7722219824790955 0.30577999353408813 0.02592599391937256 0.028902053833007812
