0.0 0.8924710473704265 0.34475356612141816 0.18735735276249588 0.1008337982420866
0.0 0.14859672473493107 0.6525717982702526 0.10437335811409063 0.06814275530914304
0.0 0.5709288525961829 0.320692985743988 0.24014366394735387 0.12185924781582502
0.0 0.2556809657271691 0.8378050821963196 0.0825256256026898 0.05515804084161391
0.0 0.8511050211711655 0.7045191987383148 0.1027751924137702 0.05326447115464983
0.0 0.2748791421842554 0.4453807168357231 0.1368664728755236 0.05613696203838059
0.0 0.4396001395253418 0.9696613692999414 0.14307851991067588 0.0606772614001172
0.0 0.778079458312169 0.6191959880579767 0.09076629563179872 0.0666272069942545
0.0 0.9738533634850817 0.4815565775798034 0.05229327302983666 0.0976043558162501
0.0 0.4368878527313528 0.6571856255537806 0.10303245968887109 0.06435592631375764
0.0 0.03633609068168061 0.48930601139829455 0.07267218136336122 0.09698574244274366
