0.0 0.15753103605247804 0.4932997849275256 0.15210455850899565 0.11891464001794255
0.0 0.07481665305380578 0.4018615439795242 0.08974757319142093 0.0769182414271779
0.0 0.7515499014899198 0.4738195186631181 0.19063946649559738 0.15979569233930108
0.0 0.4887623981999054 0.8761464782256071 0.10087828060582832 0.08388827867675075
0.0 0.294507629684609 0.22703511117502104 0.07034630496281363 0.05214864809162162
0.0 0.32743395083227456 0.9907648391141104 0.058476443929247 0.018470321771779097
0.0 0.18740220329240098 0.8322818099091966 0.05944419363509773 0.052633299861315375
0.0 0.16723631661592253 0.34243307935369016 0.05418162191670084 0.045208171847560485
0.0 0.11588268671835883 0.6998360385924806 0.06310583059606095 0.05219584400370736
0.0 0.8907032206408414 0.6375840934854513 0.04357613619392586 0.03485792203683047
0.0 0.4108853223628639 0.9676252795620552 0.08620211461078509 0.06474944087588952
0.0 0.5518746210051 0.7959055509527541 0.04381078824450835 0.042306993641264334
0.0 0.40907970358439194 0.6656907048553606 0.06709270159744612 0.049036641548436344
0.0 0.5390283511724175 0.3575816355073357 0.046090928069465686 0.037422566357025955
0.0 0.5831227329577688 0.9913412671620636 0.07045453764990806 0.01731746567587289
0.0 0.679797005174408 0.03925316962513679 0.24634875514011478 0.07850633925027357
0.0 0.6046810110986512 0.34633501924643617 0.053985483256323796 0.05165029790740511
0.0 0.4816540259933747 0.23490087962781397 0.08751907421614774 0.0870155721859723
0.0 0.4595653217352101 0.7111173738462735 0.05115738495147992 0.04797615574527625
0.0 0.38626769697234736 0.4899191376990602 0.05898227209060236 0.04850259631237208
0.0 0.7557730851911089 0.6280736745094786 0.04791753050019931 0.04813416467102394
0.0 0.6511823093758671 0.6294394220546125 0.05235448070894211 0.04299944615096407
0.0 0.6954333604178287 0.16152739527806162 0.06265501097111559 0.06730752133001072
0.0 0.8175146407999972 0.33913540207512877 0.06456224128214538 0.046129908611218795
0.0 0.7795039179417622 0.3798016853263632 0.03367038627246022 0.02763680145856573
0.0 0.4593979605576334 0.08781666339016306 0.04625947098563882 0.04565964478007954
0.0 0.7827179833816799 0.26033448280152266 0.046429578368834656 0.0388489975556916
0.0 0.7601399951058785 0.10869310415582195 0.09432392705190107 0.08351556683940413
0.0 0.23483319028381133 0.1346754184820132 0.041103672546644154 0.03482570262592999
0.0 0.325880603245317 0.4248081936834267 0.07777066222248447 0.06582588350409074
0.0 0.6777503013164521 0.07461257538992858 0.04377667277942343 0.03643807714983563
0.0 0.4502859290143365 0.37258823059800705 0.0707104063730894 0.06107621551082948
0.0 0.6113417713629337 0.8247804192169964 0.031961168695610276 0.028045909126367174
0.0 0.8811737316060346 0.8981405856088341 0.04157376255787326 0.030136975325174564
0.0 0.8138176290280985 0.19971708809759214 0.06450564036137463 0.037833596807340525
0.0 0.3855658466634905 0.8975351752469115 0.04561442533194593 0.030279064685460044
0.0 0.9156112666321929 0.5637821952604907 0.043401078886192934 0.03788416147985596
0.0 0.4886324601009863 0.540524094042726 0.08729406454986732 0.060513100585860236
0.0 0.5242718538074171 0.9928950472024333 0.05711794965356459 0.014209905595133465
0.0 0.3569656284058299 0.12061651996860635 0.14853973103406515 0.1337374081778249
0.0 0.4556647053558701 0.4869844872793541 0.043661254196370125 0.031165275668921244
0.0 0.23290262864896127 0.6631720713766216 0.025057014230026986 0.020553351374399953
0.0 0.8455157272352741 0.31321356477462803 0.04408908210694196 0.04623711761686694
0.0 0.6720996140520452 0.340329212183515 0.07292419853262366 0.07569997674532886
0.0 0.9294551206612127 0.542756902591103 0.039883635474468715 0.03658877261738491
0.0 0.340877884339707 0.308618179306876 0.12296503627430866 0.07607096636708943
0.0 0.309948051008597 0.07339624958942491 0.12364873512220498 0.090600299898429
0.0 0.41425628120416863 0.04630715314091205 0.09835286242343 0.061624883058749136
0.0 0.26220690008006325 0.16447568142080046 0.05477342431688392 0.03713517350140949
0.0 0.9870033970066361 0.7840981052835286 0.02599320598672783 0.043695349593678934
