0.0 0.7395449951291084 0.902508020401001 0.09409399330615997 0.11031198501586914
0.0 0.3035380244255066 0.226842999458313 0.07570695877075195 0.06472897529602051
0.0 0.6739149987697601 0.5739290118217468 0.0388299822807312 0.057922959327697754
0.0 0.46615999937057495 0.36295801401138306 0.03181302547454834 0.046499013900756836
0.0 0.5781820118427277 0.6213639974594116 0.05579501390457153 0.05592203140258789
0.0 0.5453999936580658 0.5176120102405548 0.08740699291229248 0.10468405485153198
0.0 0.6326830089092255 0.7335140109062195 0.0473330020904541 0.07316195964813232
0.0 0.8962699957191944 0.7797629833221436 0.05298600345849991 0.09057998657226562
0.0 0.7069979906082153 0.7404919862747192 0.027513980865478516 0.04338407516479492
0.0 0.44240802526474 0.5828449726104736 0.06800401210784912 0.04331398010253906
0.0 0.27161502838134766 0.8787260055541992 0.1265699863433838 0.1325160264968872
0.0 0.22851800918579102 0.4883720278739929 0.09879302978515625 0.07511401176452637
0.0 0.09236001968383789 0.24289000034332275 0.02672600746154785 0.03339099884033203
0.0 0.5827249884605408 0.21770602464675903 0.03471100330352783 0.044486045837402344
0.0 0.6354329884052277 0.24521899223327637 0.027415990829467773 0.035069942474365234
0.0 0.6087630093097687 0.15507501363754272 0.02704697847366333 0.031131982803344727
0.0 0.4771210104227066 0.9274460077285767 0.08793297410011292 0.096282958984375
0.0 0.22013002634048462 0.20470499992370605 0.020449042320251465 0.02070605754852295
0.0 0.9476719982922077 0.5400919914245605 0.020052000880241394 0.02514791488647461
0.0 0.4120439887046814 0.14982402324676514 0.08831298351287842 0.04192698001861572
0.0 0.6710520088672638 0.2300959825515747 0.03997397422790527 0.042633056640625
0.0 0.8638879954814911 0.3057370185852051 0.06563800573348999 0.0738060474395752
0.0 0.8598569929599762 0.2096499800682068 0.036848992109298706 0.0738060474395752
0.0 0.17065900564193726 0.2757970094680786 0.04490995407104492 0.04177701473236084
0.0 0.05492901802062988 0.2813670039176941 0.06678903102874756 0.036206960678100586
