0.0 0.6949652936664982 0.17552829952817067 0.0501543911936706 0.07116225096893622
0.0 0.1773252169540802 0.5476153053356868 0.06133996330847871 0.1252946224437408
0.0 0.36529604427331275 0.14610388920481987 0.06638812853439413 0.09030139459175571
0.0 0.8387430065962214 0.4845899411310267 0.06471322639648425 0.07208947930900528
0.0 0.4473211214430347 0.6229694223759997 0.04909156981471058 0.061172917229170176
0.0 0.5384018598324389 0.779562595302367 0.030863264346231767 0.04746019280169833
0.0 0.8276811784530385 0.18741082024209535 0.039399813779612436 0.06554301999624706
0.0 0.6192249161001855 0.18919876035722688 0.023440341550945765 0.0444130437808998
0.0 0.7082964450904073 0.6738017353774937 0.027849031361623533 0.04847537012244307
0.0 0.8055653264061254 0.5819278919975168 0.039135925649019354 0.07353753330432189
0.0 0.3895847907219059 0.2823960589626956 0.03773692704638537 0.06733075706494468
0.0 0.7190466964720406 0.5181870536731645 0.02832560278096674 0.04108854631817793
0.0 0.82218756906328 0.28788728912835115 0.031843255502415624 0.04850398786313265
0.0 0.9531387695715936 0.2823038425582586 0.030650751611559834 0.03994149917478412
0.0 0.31733741102870616 0.4142759912872349 0.02913835201533771 0.04269400474525353
0.0 0.9475402279297678 0.22595803200411052 0.02314892513042144 0.04019256065773802
0.0 0.8848438014521498 0.13716573627634546 0.025936724945689327 0.039345167343457235
0.0 0.7289264578868445 0.1087378189258199 0.020593061196804596 0.041294182959568174
0.0 0.1451898834690199 0.7932526636531749 0.021969394467913184 0.027164669408486053
0.0 0.42859281880660527 0.5741692062808667 0.020765356902027854 0.036354228887120366
0.0 0.9303599265498781 0.46433670889903655 0.035040073421231166 0.06500306892464552
0.0 0.9688056816048172 0.40214236447024754 0.01532599286244929 0.035631855189949546
0.0 0.6297794784001891 0.4963644591569245 0.04107120594797309 0.033067479791997034
