0.0 0.06359031081199645 0.497104689180851 0.1271806216239929 0.18699920862913133
0.0 0.26118295252323154 0.3879027681797743 0.15557557940483097 0.1573036576807499
0.0 0.08991874366998673 0.01907311402261257 0.15619927346706391 0.03814622804522514
0.0 0.9194053995609284 0.9050979886204005 0.16118920087814326 0.17151740297675133
0.0 0.016686401069164275 0.6993800166994333 0.03337280213832855 0.10811906650662417
0.0 0.6437731122970581 0.5297209141403436 0.11120438575744629 0.11173501834273336
0.0 0.9557699579000474 0.07203116491436959 0.08846008419990536 0.14406232982873918
0.0 0.4778572148084641 0.6285422367602587 0.1267200529575348 0.11963011309504501
0.0 0.3392200267314911 0.7444921270012856 0.15349584817886353 0.16757395178079604
0.0 0.7117615586519241 0.03155124925076962 0.15942894816398612 0.06310249850153923
0.0 0.5797176963090896 0.10462264887988566 0.17003054022789005 0.19913072898983955
0.0 0.5443453675508498 0.9519606560468674 0.32419425845146177 0.09607868790626528
0.0 0.6097806996107102 0.2833871699124575 0.20218711495399477 0.17166876658797264
0.0 0.8481163209676743 0.3701976144313812 0.18418166041374207 0.21569860756397247
0.0 0.9282093888521195 0.2390851280093193 0.09994184374809256 0.1096914145350456
