0.0 0.5582838425695575 0.3430064735469128 0.1432262875749804 0.17566128069393888
0.0 0.5501229126618625 0.4641396504830753 0.14810908270599216 0.09400420134839649
0.0 0.6675373569705418 0.12597862022819412 0.1261691291745899 0.11033268788583633
0.0 0.12690942338315894 0.6008256174047808 0.22551217366351212 0.16561991178017943
0.0 0.4020320486291301 0.14964280144183045 0.04327338763310257 0.03656576835516892
0.0 0.41948174040559794 0.19654848281497073 0.05269004554743467 0.04292997701710463
0.0 0.4474546410589644 0.9840810614349738 0.05653467838835874 0.03183787713005248
0.0 0.9732709290520678 0.06112994100283867 0.05345814189586451 0.04848408554586236
0.0 0.5371254451517148 0.575885190576489 0.02788282725172353 0.02825595319822438
0.0 0.705049324149668 0.23953760217769723 0.033769263750553224 0.031037753990339312
