0.0 0.28918125433291797 0.9191846538419087 0.12276397062319994 0.13518434530922252
0.0 0.539428355752678 0.622480582542084 0.15595080940420902 0.16792928496391923
0.0 0.39480536815556866 0.7678221910182348 0.07629853456625107 0.06987601227604756
0.0 0.5420516635233754 0.7768578801997018 0.06974539650189182 0.05657002992052451
0.0 0.9703794365013694 0.819234141761626 0.05924112699726136 0.06133437954305254
0.0 0.7680676419050116 0.48942473031712075 0.06557341434467923 0.05394480388292405
0.0 0.6514134086362631 0.4978910054798553 0.05212478112581087 0.046689673219454664
0.0 0.9027377820797111 0.5784756054296094 0.04306487613773158 0.041437807187564846
0.0 0.8359821231020031 0.5698722777670577 0.052110625487876705 0.05110857225218046
0.0 0.6059872261859891 0.060863451666094213 0.04271152315031379 0.03814463646813933
0.0 0.4434461316405822 0.2928778320075748 0.09907336324730665 0.11539846715337743
0.0 0.6986818306068177 0.18181991545915593 0.02642862412988245 0.02553192584161887
0.0 0.8292315484368284 0.36580458420155315 0.06957640024368594 0.10351854248922937
0.0 0.7126813589934995 0.28031877358483226 0.07883501000616644 0.09324783667415804
0.0 0.12943793042872098 0.4732890759762821 0.1136753858403385 0.12984872308571765
0.0 0.6072609491219099 0.1600465512039373 0.06568729381048344 0.0615980674012479
0.0 0.4456102287005891 0.5322998853164795 0.07915323576213434 0.12189708445243014
0.0 0.1457534873542859 0.6715492310291712 0.12427604028556817 0.12325453229481176
0.0 0.06652858479597423 0.44835538941184233 0.09742750155927607 0.11482375645810661
0.0 0.9003182227277398 0.8517079936365942 0.10651429732199091 0.09712858136765834
0.0 0.4155326782446144 0.8539470418846642 0.04556822038650682 0.03785137444364117
