0.0 0.6682487847670957 0.793302557955633 0.1906010067432139 0.09841645753505246
0.0 0.16161627780686044 0.5244558436402195 0.3232325556137209 0.16931022816168778
0.0 0.6388042483963439 0.3046768914639492 0.2092201223999196 0.10012779920790282
0.0 0.45206865087249565 0.6166617863706987 0.22699379785280727 0.1052868615038226
0.0 0.4834300000893434 0.44536931788261114 0.28085091811517826 0.1592100837017359
0.0 0.883263627356583 0.46256596380272486 0.23347274528683404 0.14657988465620742
0.0 0.9294659719997201 0.6063827424874046 0.14106805600055972 0.1346986189989613
0.0 0.4778519069047734 0.8535088547266312 0.15433421925684582 0.08216244463398858
0.0 0.6563679283543322 0.17398557454737457 0.10149647669388617 0.05941796766467752
0.0 0.26451557195184716 0.6683423206998935 0.10754507154011955 0.050220636164445165
0.0 0.1973015952574666 0.7948902991948612 0.09636262707607729 0.07377778926229173
0.0 0.0032470785437147026 0.1640534606773874 0.006494157087429405 0.06985954305260367
