0.0 0.4016478157731918 0.36740392887349926 0.39612476437180166 0.2088513690010883
0.0 0.5107130743067213 0.569764331564329 0.261100944235112 0.1624806738167901
0.0 0.02823989391388401 0.26962568987891367 0.05647978782776802 0.0747713431000239
0.0 0.8983679235824037 0.5455559855577239 0.18771215244491213 0.146305926167419
0.0 0.2724654766137233 0.5756713309794627 0.2033147558449402 0.15375729516765219
0.0 0.46878469205346807 0.0784545722594255 0.06685559549951042 0.03996983036821671
0.0 0.5433643086424781 0.1902226721707772 0.07937236239161294 0.03162758684119879
0.0 0.6315552870573775 0.1269396939167718 0.06769351148110403 0.049915704153409735
0.0 0.05384576434967244 0.05048806786425211 0.10769152869934488 0.0721451040612173
0.0 0.056722807803282656 0.6021816588949147 0.11344561560656531 0.13637949344612565
