0.0 0.6872063764952054 0.48244882506420517 0.06272149201749899 0.09256137251275925
0.0 0.9722216887030937 0.4551829902260399 0.055556622593812555 0.11253482436917733
0.0 0.3851758910665236 0.47678676321243224 0.0308933139449849 0.06141726884607224
0.0 0.4893244271913809 0.7074437677448367 0.045519676288587 0.08007043555075799
0.0 0.8652801177467933 0.7841963246883558 0.035491057219291355 0.060894325053065135
0.0 0.5621610267718731 0.2618664562887719 0.03772243376188367 0.0699535169322302
0.0 0.1436709595978997 0.46557257278864295 0.03907951486844563 0.07895182349974367
0.0 0.9066695107724525 0.7426290245191952 0.03407269881602304 0.06719165343628997
0.0 0.3866976867272428 0.6883861639262675 0.04092636408122302 0.0771529158792621
0.0 0.7339722629917862 0.3285687959947553 0.027630071666015277 0.05530614202793965
0.0 0.9490502205098006 0.5689223995956032 0.03000561707083349 0.06829002672624529
0.0 0.5369844575777005 0.45886946850630517 0.025726847835455646 0.052639825300981546
0.0 0.30186834328174006 0.9955089917773512 0.02408233891294259 0.008982016445297614
0.0 0.9347943827812009 0.8236345868575337 0.02656520025687248 0.05364084956632875
0.0 0.7215185991464548 0.5655675921928531 0.032386750013634336 0.05931255417976711
0.0 0.4932682965763696 0.6426705617092621 0.01997258324435608 0.03711742970907572
