0.0 0.776203989982605 0.4187059998512268 0.2274479866027832 0.14530301094055176
0.0 0.38446199893951416 0.43305498361587524 0.23454999923706055 0.127189040184021
0.0 0.5909059941768646 0.6081889867782593 0.1912810206413269 0.08515900373458862
0.0 0.12003901600837708 0.8160070031881332 0.1589999794960022 0.08998498320579529
0.0 0.6400529742240906 0.8533760011196136 0.17167603969573975 0.0865049958229065
0.0 0.08176597952842712 0.6406440138816833 0.14165598154067993 0.043518006801605225
0.0 0.4029200077056885 0.8679579943418503 0.13114798069000244 0.07205000519752502
0.0 0.181318998336792 0.7262920141220093 0.06807994842529297 0.07871699333190918
0.0 0.5530239939689636 0.5185129940509796 0.08870601654052734 0.03906899690628052
0.0 0.35565099120140076 0.6124770045280457 0.09864002466201782 0.037921011447906494
0.0 0.4615669846534729 0.38888299465179443 0.07059800624847412 0.03268897533416748
0.0 0.946241021156311 0.5483080148696899 0.10584104061126709 0.07986098527908325
0.0 0.055359989404678345 0.46034401655197144 0.11071997880935669 0.09783101081848145
