0.0 0.10787150844569683 0.5240123385621441 0.112636714145639 0.08807192260903451
0.0 0.4383081874581537 0.2471353637281452 0.1303665280632887 0.07650738741730412
0.0 0.8674092673833227 0.6256146076228914 0.12687321728262158 0.07819120314995598
0.0 0.5474030585572658 0.3068760417297004 0.14026756724940914 0.08369653456047771
0.0 0.6099624624372926 0.5690875728492394 0.08599317674525075 0.05978957926586914
0.0 0.18576337640464652 0.43433644153909245 0.07270925357168667 0.04425097759578894
0.0 0.35762909836254586 0.7979247698464009 0.09166485992531187 0.06531548636176943
0.0 0.8587852713572686 0.2783539413177101 0.0742395399705219 0.04296475442316694
0.0 0.7619505663252168 0.2281731628389369 0.05798857878482255 0.03132426072561115
0.0 0.6908986609794958 0.727151017772506 0.09313260489913888 0.047312913080422736
0.0 0.7078216636072256 0.8117208198992052 0.08886929655225317 0.04843118430127802
0.0 0.5305763624845934 0.9070859080569342 0.1733809404744157 0.08068638845789489
0.0 0.8696725993649472 0.5149829819298098 0.05823695970288412 0.03604493619794985
0.0 0.6505900815470328 0.9344992429335393 0.06077198849664334 0.040816986968525204
0.0 0.5255747078625272 0.6772310649155945 0.06510283236682263 0.045784077805588685
0.0 0.7675555031835763 0.8779320643201173 0.10439382588094859 0.06430837219222352
0.0 0.2237751323550362 0.23658592171868575 0.07073853895422758 0.04907102792304588
0.0 0.25577839936637525 0.45371181499729135 0.06780920109873279 0.03385256083671806
0.0 0.36454424204863994 0.8450034382290934 0.05378910611281995 0.02869610809861578
0.0 0.9844895453998131 0.4744137452358532 0.031020909200373703 0.05277758682150474
0.0 0.28027256751030183 0.6754553261861618 0.044986280015186564 0.025945043791055333
0.0 0.48141631278710734 0.3983729954165207 0.1339028961794776 0.06236021017690346
0.0 0.7492215209519701 0.336441893404388 0.03647066185663572 0.02649524195813785
0.0 0.774966049806536 0.8134844406197916 0.03452782565942003 0.020529676434336563
0.0 0.7475303929786266 0.09508408143525901 0.03138619902498241 0.018331496927497262
0.0 0.2808324853422927 0.6193103819847361 0.04510236813059065 0.03325589821010855
0.0 0.16514863650862105 0.6301786157549335 0.027776906114293926 0.018228830287351006
0.0 0.7148339096482186 0.7715836699644452 0.035866177584172765 0.020492102963465264
0.0 0.7572110554202574 0.49344481886404873 0.03443597325215153 0.02212199588870878
0.0 0.6619637942198597 0.4468790447233031 0.042669666399690276 0.023469680469784315
0.0 0.42323088180471824 0.4667742327305888 0.05293224139480718 0.03961863296791357
