0.0 0.8492310047149658 0.8395539820194244 0.11492800712585449 0.09656602144241333
0.0 0.6293840110301971 0.5081090033054352 0.14168399572372437 0.12394899129867554
0.0 0.7311919927597046 0.6921750009059906 0.05537700653076172 0.06477397680282593
0.0 0.7792409956455231 0.5497350096702576 0.042329996824264526 0.0616680383682251
0.0 0.9367860034108162 0.13178497552871704 0.04580199718475342 0.06720495223999023
0.0 0.5618810057640076 0.24481099843978882 0.04065901041030884 0.0577239990234375
0.0 0.5389110147953033 0.3621320128440857 0.03664296865463257 0.044603943824768066
0.0 0.683881014585495 0.13767200708389282 0.03352397680282593 0.035887956619262695
0.0 0.6577430069446564 0.2009580135345459 0.04166299104690552 0.043100953102111816
0.0 0.10453301668167114 0.28171998262405396 0.029896974563598633 0.03658699989318848
0.0 0.2852979898452759 0.5082550048828125 0.09990203380584717 0.07581102848052979
0.0 0.24615097045898438 0.22506099939346313 0.020689010620117188 0.021989941596984863
0.0 0.45877398550510406 0.149167001247406 0.09567096829414368 0.045678019523620605
0.0 0.34505701065063477 0.23948001861572266 0.08110904693603516 0.05984604358673096
0.0 0.3757590055465698 0.8691969811916351 0.11172294616699219 0.08784502744674683
0.0 0.023647010326385498 0.21563398838043213 0.03477597236633301 0.03777897357940674
0.0 0.2007020115852356 0.30886900424957275 0.04930996894836426 0.05528104305267334
0.0 0.5172010213136673 0.5746879875659943 0.11352697014808655 0.05057603120803833
0.0 0.5716710090637207 0.9099040031433105 0.10091298818588257 0.10232901573181152
0.0 0.33486998081207275 0.9240180253982544 0.09976601600646973 0.07410001754760742
0.0 0.9472270011901855 0.21830201148986816 0.07683099806308746 0.09056699275970459
0.0 0.8199390023946762 0.6964240074157715 0.028667986392974854 0.039991021156311035
