0.0 0.7189816279516577 0.4062916351624368 0.10875221659971956 0.13128772389413607
0.0 0.6295315756524404 0.05693844558862614 0.07539213993556404 0.08950351728943509
0.0 0.7939313182966856 0.005790129598275702 0.05180821839501604 0.011580259196551404
0.0 0.45160327598423095 0.4218839847218817 0.09287534830020594 0.11768697449585352
0.0 0.7671905696736232 0.7228180815964108 0.1297490542749521 0.17293161900992016
0.0 0.8852019754656666 0.7015963389690932 0.07784383149161234 0.10437605265948946
0.0 0.7117073785981964 0.05594283801599844 0.051354238790026874 0.07159104737741444
0.0 0.46331847578946944 0.7555058496822078 0.049763290582348296 0.05893097233248612
0.0 0.7908547171710307 0.33613498267806685 0.08927293838403894 0.1013621677167229
0.0 0.7364932298476781 0.544679814881263 0.04368663887023805 0.05348698122370199
0.0 0.555588872854534 0.024143567995134407 0.05307630092554194 0.04828713599026881
0.0 0.5290463105686699 0.6038856832156145 0.042146279552597976 0.05447485999184498
0.0 0.4295615857984424 0.6803892593959511 0.04445127719140535 0.05434408945461655
0.0 0.6581353014016372 0.7988313579315923 0.04723663745201123 0.05951875270956131
0.0 0.5217591629006271 0.8857262994622134 0.056714261988461245 0.060852805110297004
0.0 0.6396951560965654 0.5896513659204279 0.061396854116804955 0.06331128160206578
0.0 0.22894113340963962 0.49224226076977307 0.07402545874722155 0.09449538973487065
0.0 0.4433317867148343 0.27257802344009385 0.04810333437962849 0.0633698769100362
0.0 0.6715316811071991 0.14933028949205673 0.0695109464324295 0.08518064314946203
0.0 0.7419673881348203 0.23976470306254613 0.06997629585635134 0.07711001334719708
0.0 0.8178267109408797 0.39987476976634545 0.08082324600467328 0.08140213863913148
0.0 0.5121871460586529 0.30853774129933054 0.07678389188040019 0.1018194787321608
0.0 0.20889529823323238 0.6810610759938018 0.05150439703895979 0.06249428667193102
0.0 0.19917685266433782 0.19895880040808206 0.03262878442694542 0.03641513651370015
0.0 0.733581288526274 0.8366901746068678 0.0489217118541343 0.06794507408353767
0.0 0.3945444656999483 0.19036772613430553 0.046583870865111565 0.0641909618273547
0.0 0.8433211799123146 0.12116642329524879 0.04885730871210037 0.05844587382917761
0.0 0.8624527321827467 0.5370465580238848 0.08232503120298384 0.11728272594521522
0.0 0.3192162466869415 0.4219215125801651 0.05981039321885301 0.10583135396658133
0.0 0.4010696045523203 0.3951298538048412 0.03930876988477966 0.0564671887331985
0.0 0.37116354521471207 0.9517281178536071 0.09898585554331413 0.09654376429278577
0.0 0.16034860563043213 0.2929753846306131 0.028684733818312602 0.033617410547311766
0.0 0.44660126206659556 0.8217180058865099 0.029557414473788512 0.041288134976876556
0.0 0.47742802482677327 0.9190227900479879 0.06494648099803885 0.1067675773282255
0.0 0.7387789599198648 0.11335220901463432 0.027827553675910055 0.037871351729227704
0.0 0.33711205808677797 0.6414585939134778 0.02633579036183875 0.03272437624473745
0.0 0.24506552239716398 0.9551514164066659 0.07001982247143218 0.08969716718666831
0.0 0.8510406329043079 0.6257126058250689 0.029237727578103834 0.03475246982278524
0.0 0.35843468055615113 0.7004924192272521 0.030036695997911977 0.038724620954453726
0.0 0.8026706933943444 0.12857038202905835 0.03765971440064286 0.03610860255079876
0.0 0.5232244819108842 0.44426249717887334 0.031644900815860466 0.04219178064973045
0.0 0.15858742609404713 0.534627457625396 0.04596614286596443 0.05640921743412142
0.0 0.235619718926655 0.7981651523971331 0.11229050016783373 0.1053988219151133
0.0 0.40654677647405846 0.5440613826440802 0.05532684643666408 0.05713201913644306
0.0 0.4932380782700676 0.015946755017369953 0.02815278158760709 0.031893510034739905
0.0 0.8251478654693758 0.03820877993561576 0.039583443344823444 0.0481558607857562
0.0 0.5617622969653993 0.2717529153395193 0.024680673350309212 0.028660304759011934
0.0 0.4978611394865723 0.24127714451511423 0.03590661359774422 0.04400067735400301
0.0 0.5299630892806897 0.4921039047302673 0.044375370977370876 0.053067692349783646
0.0 0.5366797506653318 0.5342773630149065 0.032487711767974825 0.03766103961881018
0.0 0.9320830313043768 0.5199038243094145 0.05527254164974349 0.0711078509103944
0.0 0.9220393862607873 0.6248792573838764 0.023037468553406715 0.029957126202765805
0.0 0.722524386296447 0.5954364932169236 0.03200402487126541 0.045476165692998394
0.0 0.3141401828819673 0.507581283119649 0.04944870345562863 0.05787827044976729
0.0 0.3476489312377783 0.7730875773699866 0.0856061491437064 0.09228746758441375
0.0 0.3341031753185002 0.7131427399775644 0.021019409656932553 0.023278465935499204
0.0 0.29982446776540905 0.8108370026102403 0.03367797095612851 0.036381299752344276
0.0 0.32746241737791315 0.34307381604392584 0.022951699710453133 0.02601401127630859
0.0 0.48824086868239885 0.5059546529668335 0.03076448388784947 0.040896929956813155
0.0 0.40240707175040713 0.6051127579029811 0.05564733335595856 0.06964519854920725
0.0 0.3390752328083477 0.5738855446958355 0.11484199918483184 0.13401068448767928
0.0 0.3589323566043119 0.5178513428442625 0.04930554854287855 0.055017124813508345
0.0 0.29659789427718497 0.15869154442512073 0.043075367070926796 0.060485976449352136
0.0 0.255268423380817 0.26827947120820406 0.04353809177037751 0.05183667694699459
0.0 0.5539310476954344 0.43770773246195427 0.03653189542298718 0.04407731167657447
0.0 0.7993611287233382 0.8138766106171476 0.03445397345022505 0.04960942742948127
