0.0 0.7374970018863678 0.2962779998779297 0.04050898551940918 0.030115962028503418
0.0 0.44737398624420166 0.40519702434539795 0.04932403564453125 0.033439040184020996
0.0 0.2959110140800476 0.8928809762001038 0.07736003398895264 0.030532002449035645
0.0 0.11452800035476685 0.8463869690895081 0.05226397514343262 0.03070199489593506
0.0 0.7832890003919601 0.4343410134315491 0.030227988958358765 0.02597200870513916
0.0 0.034335970878601074 0.7812849879264832 0.05503201484680176 0.05480301380157471
0.0 0.5342879891395569 0.41646701097488403 0.043657004833221436 0.0213010311126709
0.0 0.41185998916625977 0.5963770151138306 0.02331399917602539 0.019222021102905273
0.0 0.583422988653183 0.6478039920330048 0.03222298622131348 0.021030008792877197
0.0 0.3908969759941101 0.37191200256347656 0.03678405284881592 0.017441987991333008
0.0 0.11491698026657104 0.43741899728775024 0.029023051261901855 0.02351200580596924
0.0 0.8451810032129288 0.5727269947528839 0.019845008850097656 0.011462986469268799
0.0 0.757459007203579 0.5866050124168396 0.023511990904808044 0.01421499252319336
0.0 0.8965059965848923 0.47724300622940063 0.020514994859695435 0.012336969375610352
0.0 0.6269400119781494 0.3708599805831909 0.025695979595184326 0.015246033668518066
0.0 0.15779000520706177 0.9629039764404297 0.027309060096740723 0.015455007553100586
0.0 0.22561800479888916 0.647159993648529 0.028030991554260254 0.018393993377685547
0.0 0.7331689894199371 0.5391620099544525 0.029760003089904785 0.018958985805511475
0.0 0.24746698141098022 0.13776898384094238 0.02285897731781006 0.01726400852203369
0.0 0.2164440155029297 0.3420640230178833 0.026124000549316406 0.015346050262451172
0.0 0.4526500105857849 0.7237970232963562 0.058779001235961914 0.030691981315612793
0.0 0.4673449993133545 0.5553100109100342 0.06857597827911377 0.044120073318481445
0.0 0.7443700134754181 0.42326998710632324 0.02394700050354004 0.011510014533996582
