0.0 0.38628602027893066 0.21785800158977509 0.0802769660949707 0.1134919822216034
0.0 0.5536819994449615 0.7464929819107056 0.11597996950149536 0.13467299938201904
0.0 0.03664201498031616 0.8248469829559326 0.04811501502990723 0.06130194664001465
0.0 0.8122150003910065 0.3191539943218231 0.06261301040649414 0.06834900379180908
0.0 0.2036849856376648 0.46548599004745483 0.034338951110839844 0.05622696876525879
0.0 0.7408190071582794 0.787513017654419 0.024713993072509766 0.03256404399871826
0.0 0.28154999017715454 0.19310800731182098 0.05815994739532471 0.06350001692771912
0.0 0.8088160008192062 0.9574350118637085 0.049594998359680176 0.0637279748916626
0.0 0.09684699773788452 0.025953000411391258 0.04758405685424805 0.05040999874472618
0.0 0.8692690022289753 0.11819400265812874 0.032848991453647614 0.042291007936000824
0.0 0.20336300134658813 0.0475040003657341 0.04534304141998291 0.025495000183582306
0.0 0.26123499870300293 0.30171701312065125 0.03236794471740723 0.03823500871658325
0.0 0.2460610270500183 0.9356799721717834 0.0651710033416748 0.06952095031738281
0.0 0.0269240140914917 0.3697589933872223 0.041798949241638184 0.03900200128555298
0.0 0.6555449962615967 0.5823860168457031 0.031188011169433594 0.03959298133850098
0.0 0.6813090145587921 0.06668800115585327 0.0410040020942688 0.06925299763679504
0.0 0.5447219908237457 0.08391799591481686 0.037284016609191895 0.051242996007204056
0.0 0.38929200172424316 0.6167849898338318 0.024989008903503418 0.033650994300842285
0.0 0.952004998922348 0.3365060091018677 0.022472001612186432 0.054780006408691406
0.0 0.40021002292633057 0.6807439923286438 0.040338993072509766 0.0320819616317749
0.0 0.2671239972114563 0.6249099969863892 0.0723869800567627 0.04777801036834717
0.0 0.9187569972127676 0.944828987121582 0.07659600302577019 0.09921002388000488
0.0 0.13406401872634888 0.6786100268363953 0.03365898132324219 0.029957056045532227
0.0 0.8885040022432804 0.6562250256538391 0.049793995916843414 0.04565393924713135
0.0 0.6115419864654541 0.35397401452064514 0.03372001647949219 0.056098997592926025
0.0 0.6632620096206665 0.3753949999809265 0.034220993518829346 0.03122401237487793
0.0 0.7665729969739914 0.41216400265693665 0.03090900182723999 0.02581697702407837
0.0 0.3796809911727905 0.40133601427078247 0.04878401756286621 0.05171102285385132
0.0 0.3669310212135315 0.026789000257849693 0.09494495391845703 0.05357800051569939
0.0 0.6338549852371216 0.02947599906474352 0.020061016082763672 0.03353299759328365
0.0 0.061125993728637695 0.2178020030260086 0.04152500629425049 0.028829991817474365
0.0 0.8734340071678162 0.20663000643253326 0.07358300685882568 0.052695006132125854
0.0 0.10421699285507202 0.4621239900588989 0.025040030479431152 0.02999699115753174
0.0 0.7209120094776154 0.04976100102066994 0.021055996417999268 0.03405400365591049
0.0 0.4614740014076233 0.871874988079071 0.028321027755737305 0.0551760196685791
0.0 0.8844069987535477 0.06660999916493893 0.017128005623817444 0.0269089974462986
0.0 0.1929919719696045 0.875698983669281 0.023476004600524902 0.02787494659423828
0.0 0.48553597927093506 0.8170719742774963 0.019649982452392578 0.023658037185668945
0.0 0.37571799755096436 0.5334579944610596 0.04582798480987549 0.051661014556884766
0.0 0.6888709962368011 0.6724709868431091 0.04111200571060181 0.028159022331237793
0.0 0.2778570055961609 0.8517420291900635 0.06929302215576172 0.03525900840759277
0.0 0.12577402591705322 0.568123996257782 0.10813498497009277 0.09002900123596191
0.0 0.38347500562667847 0.8807349801063538 0.028530001640319824 0.03397202491760254
0.0 0.45328301191329956 0.42318499088287354 0.03218996524810791 0.03877300024032593
0.0 0.8862060010433197 0.024465000722557306 0.01609000563621521 0.02066000085324049
0.0 0.991088000126183 0.8091599941253662 0.01593800075352192 0.02869701385498047
0.0 0.9905709992162883 0.9019709825515747 0.017612001858651638 0.027910947799682617
0.0 0.9611399993300438 0.651419997215271 0.02065899968147278 0.0400240421295166
0.0 0.9602909982204437 0.8035510182380676 0.019290998578071594 0.023864030838012695
0.0 0.6743929982185364 0.857483983039856 0.04475599527359009 0.04772794246673584
0.0 0.9379130005836487 0.2823599874973297 0.04861399531364441 0.042954981327056885
0.0 0.9614330008625984 0.04683099873363972 0.07713399827480316 0.08255099877715111
0.0 0.7974720001220703 0.22365400195121765 0.014661014080047607 0.04390999674797058
0.0 0.708732008934021 0.3281790018081665 0.03781098127365112 0.03341001272201538
0.0 0.810589998960495 0.4460670053958893 0.031637996435165405 0.03245502710342407
0.0 0.5297090113162994 0.4914090037345886 0.040898025035858154 0.07731997966766357
0.0 0.5509290099143982 0.2055169939994812 0.01389002799987793 0.026728004217147827
0.0 0.4502279758453369 0.27901899814605713 0.025465011596679688 0.04009199142456055
0.0 0.28933900594711304 0.4708859771490097 0.03858304023742676 0.10881999135017395
0.0 0.11142897605895996 0.9166060090065002 0.13603198528289795 0.16493594646453857
0.0 0.07559102773666382 0.6660940051078796 0.05401599407196045 0.0906829833984375
0.0 0.04279601573944092 0.5882970094680786 0.043984055519104004 0.11645698547363281
0.0 0.4197480082511902 0.7434139847755432 0.06327605247497559 0.04295504093170166
0.0 0.9020309969782829 0.8321880102157593 0.04321299493312836 0.06968295574188232
0.0 0.4452130198478699 0.9114170074462891 0.032408952713012695 0.023864030838012695
0.0 0.47183501720428467 0.4866360127925873 0.020835041999816895 0.03341001272201538
