0.0 0.6767300069332123 0.5110649764537811 0.09404098987579346 0.11142998933792114
0.0 0.7183609902858734 0.916482001543045 0.05809199810028076 0.09589797258377075
0.0 0.7393839880824089 0.10745400190353394 0.06750200688838959 0.07567393779754639
0.0 0.2520970106124878 0.6812849640846252 0.04418301582336426 0.04796898365020752
0.0 0.3961549997329712 0.3497130274772644 0.07107400894165039 0.09780800342559814
0.0 0.5070590078830719 0.2818149924278259 0.07353001832962036 0.09310400485992432
0.0 0.2585049867630005 0.8507930040359497 0.05392897129058838 0.04347801208496094
0.0 0.8273539990186691 0.16131198406219482 0.04139000177383423 0.06809306144714355
0.0 0.5818479955196381 0.8608970046043396 0.1024399995803833 0.15624606609344482
0.0 0.12801402807235718 0.266618013381958 0.06416904926300049 0.08073604106903076
0.0 0.347195029258728 0.28554701805114746 0.03125596046447754 0.0564960241317749
0.0 0.2536429762840271 0.587909996509552 0.03593599796295166 0.04366791248321533
0.0 0.43388599157333374 0.8532530069351196 0.0446009635925293 0.05394303798675537
0.0 0.9477130006998777 0.14086997509002686 0.04410099610686302 0.05654299259185791
0.0 0.4460660219192505 0.1914139986038208 0.0403369665145874 0.06223094463348389
0.0 0.50969497859478 0.6358010172843933 0.05603000521659851 0.04273402690887451
0.0 0.5039759874343872 0.9479340016841888 0.04296600818634033 0.06799596548080444
0.0 0.3911929726600647 0.5789399743080139 0.03294503688812256 0.04566800594329834
0.0 0.7842110022902489 0.5719650387763977 0.07815198600292206 0.057968974113464355
0.0 0.9314479995518923 0.31245899200439453 0.043435994535684586 0.053607940673828125
0.0 0.027809977531433105 0.44131600856781006 0.036303043365478516 0.055374979972839355
0.0 0.1471019983291626 0.025525987148284912 0.023260951042175293 0.026450037956237793
0.0 0.7445830181241035 0.23165398836135864 0.062210991978645325 0.08041393756866455
0.0 0.20516198873519897 0.7354829907417297 0.022256970405578613 0.03659701347351074
0.0 0.6303659975528717 0.6575689911842346 0.037216007709503174 0.0458909273147583
0.0 0.7826370000839233 0.4906100034713745 0.07989299297332764 0.08238101005554199
0.0 0.16651499271392822 0.47979700565338135 0.02538895606994629 0.03138697147369385
0.0 0.7755780071020126 0.364175021648407 0.06385800242424011 0.05787801742553711
0.0 0.6828019917011261 0.023690998554229736 0.04330199956893921 0.04536104202270508
0.0 0.4374909996986389 0.08383798599243164 0.03348803520202637 0.06084799766540527
0.0 0.45619601011276245 0.41957300901412964 0.027354001998901367 0.04119694232940674
0.0 0.24889999628067017 0.2569730281829834 0.034695982933044434 0.10721004009246826
0.0 0.29499298334121704 0.18565398454666138 0.027609944343566895 0.02362799644470215
0.0 0.8300829976797104 0.23797500133514404 0.021111994981765747 0.03421294689178467
0.0 0.16059798002243042 0.5521209836006165 0.025678038597106934 0.03766000270843506
0.0 0.31791597604751587 0.9688610136508942 0.047366976737976074 0.061417996883392334
0.0 0.887424997985363 0.2945050001144409 0.03900499641895294 0.025197982788085938
0.0 0.19517898559570312 0.8468029797077179 0.03648996353149414 0.10015302896499634
0.0 0.05965697765350342 0.8426310122013092 0.06465601921081543 0.1441749930381775
0.0 0.9530089972540736 0.21777498722076416 0.03678100369870663 0.04238903522491455
0.0 0.5794090032577515 0.9734669923782349 0.022962987422943115 0.04398298263549805
0.0 0.887716006487608 0.01184701919555664 0.046935997903347015 0.02369403839111328
0.0 0.7488180100917816 0.708420991897583 0.04045701026916504 0.06458902359008789
0.0 0.44482797384262085 0.4709659814834595 0.03879499435424805 0.030331015586853027
0.0 0.14655601978302002 0.6178500056266785 0.040686964988708496 0.04003894329071045
0.0 0.30583399534225464 0.3704720139503479 0.033010005950927734 0.04697096347808838
0.0 0.29050499200820923 0.43421298265457153 0.05077993869781494 0.04102802276611328
0.0 0.8508680015802383 0.7691799998283386 0.041471004486083984 0.07275092601776123
0.0 0.781020998954773 0.7414020001888275 0.030557990074157715 0.10714298486709595
0.0 0.7171779870986938 0.8207669854164124 0.033832013607025146 0.038359999656677246
0.0 0.6937139928340912 0.8280420005321503 0.026192009449005127 0.06613796949386597
0.0 0.4965299963951111 0.4285860061645508 0.028445005416870117 0.027580976486206055
0.0 0.036426007747650146 0.5968009829521179 0.06250405311584473 0.09820401668548584
0.0 0.23796802759170532 0.45231497287750244 0.032850027084350586 0.06481504440307617
0.0 0.18410998582839966 0.3847219944000244 0.055004000663757324 0.04444396495819092
0.0 0.2097020149230957 0.3365740180015564 0.02673804759979248 0.02592599391937256
