0.0 0.5948410034179688 0.5664680004119873 0.09235000610351562 0.06370902061462402
0.0 0.7915260046720505 0.29986798763275146 0.04936400055885315 0.03487598896026611
0.0 0.9132680017501116 0.2938140034675598 0.07197299972176552 0.0525059700012207
0.0 0.6766220033168793 0.8064599633216858 0.05815201997756958 0.05671799182891846
0.0 0.24664300680160522 0.7446209788322449 0.04481995105743408 0.02988898754119873
0.0 0.47157903015613556 0.6727200150489807 0.062091976404190063 0.02982199192047119
0.0 0.22718501091003418 0.6812480092048645 0.040428996086120605 0.026728034019470215
0.0 0.5493009984493256 0.26064300537109375 0.04214698076248169 0.03825497627258301
0.0 0.7471680045127869 0.9213320016860962 0.12949198484420776 0.04741799831390381
0.0 0.3666110038757324 0.4093499779701233 0.03848898410797119 0.034806013107299805
0.0 0.5580689907073975 0.7966480255126953 0.10335701704025269 0.09556198120117188
0.0 0.6855239868164062 0.3264769911766052 0.040518999099731445 0.04084300994873047
0.0 0.3228970170021057 0.5085389614105225 0.08257603645324707 0.06889200210571289
0.0 0.7179380059242249 0.20783299207687378 0.0630369782447815 0.05449104309082031
0.0 0.4836689680814743 0.8610489964485168 0.0385570228099823 0.03844797611236572
0.0 0.5798850059509277 0.6672089695930481 0.038214027881622314 0.027263998985290527
0.0 0.6857360005378723 0.5382800102233887 0.07901298999786377 0.052330970764160156
0.0 0.4251980185508728 0.8209590017795563 0.0476609468460083 0.032846033573150635
0.0 0.18942099809646606 0.2225480079650879 0.03956198692321777 0.034147024154663086
0.0 0.33222097158432007 0.335286021232605 0.03553605079650879 0.04011094570159912
0.0 0.5044730007648468 0.146278977394104 0.08784598112106323 0.08597695827484131
0.0 0.6634060144424438 0.45892298221588135 0.060283005237579346 0.034345030784606934
0.0 0.2575399875640869 0.8444669842720032 0.05606997013092041 0.031064987182617188
0.0 0.14253002405166626 0.29356902837753296 0.02983999252319336 0.01874995231628418
0.0 0.3498769998550415 0.6536259949207306 0.03313004970550537 0.028464019298553467
0.0 0.7781819999217987 0.8667190074920654 0.03868800401687622 0.025184988975524902
0.0 0.4224950075149536 0.20565497875213623 0.028538942337036133 0.0290219783782959
0.0 0.867504995316267 0.2127699851989746 0.054152004420757294 0.028622984886169434
0.0 0.6971339881420135 0.5852490067481995 0.07777202129364014 0.0328599214553833
0.0 0.6134929955005646 0.30893802642822266 0.06475001573562622 0.044615983963012695
0.0 0.2082880139350891 0.7856390178203583 0.02483999729156494 0.024239957332611084
0.0 0.24177700281143188 0.5392139852046967 0.03658103942871094 0.034467995166778564
0.0 0.3928139805793762 0.9820860028266907 0.04964101314544678 0.02273702621459961
0.0 0.19874197244644165 0.48107701539993286 0.03050696849822998 0.06819593906402588
0.0 0.07648599147796631 0.8610430359840393 0.05806100368499756 0.08737599849700928
0.0 0.6942610144615173 0.37292802333831787 0.02206498384475708 0.02047097682952881
0.0 0.6581459939479828 0.7459850013256073 0.02446502447128296 0.018037021160125732
0.0 0.6426239907741547 0.21452999114990234 0.055597007274627686 0.05202198028564453
0.0 0.7032389938831329 0.6932939887046814 0.04630798101425171 0.061949968338012695
0.0 0.1729869842529297 0.034336984157562256 0.04146301746368408 0.027397990226745605
0.0 0.5737920105457306 0.9891739785671234 0.02924501895904541 0.0210840106010437
0.0 0.16115397214889526 0.639070987701416 0.023051023483276367 0.01729106903076172
0.0 0.4670969843864441 0.08238297700881958 0.026749014854431152 0.023931026458740234
0.0 0.5611459910869598 0.8760329782962799 0.027711987495422363 0.04386502504348755
0.0 0.6186470091342926 0.376986026763916 0.053460001945495605 0.040007948875427246
0.0 0.8020060062408447 0.405813992023468 0.041882991790771484 0.039643049240112305
0.0 0.6558389961719513 0.9911270141601562 0.03140801191329956 0.016978025436401367
0.0 0.7543309852480888 0.40170300006866455 0.04542301595211029 0.01819300651550293
0.0 0.3536049723625183 0.02051299810409546 0.02309894561767578 0.03004002571105957
0.0 0.7720489948987961 0.7035770118236542 0.028023988008499146 0.023621976375579834
0.0 0.8332529962062836 0.5797869861125946 0.025806009769439697 0.022327005863189697
0.0 0.9195699989795685 0.5945630073547363 0.02402600646018982 0.011163949966430664
0.0 0.37586402893066406 0.5719069838523865 0.03470504283905029 0.023640990257263184
0.0 0.3571770191192627 0.5922639966011047 0.0560610294342041 0.04728102684020996
0.0 0.2401599884033203 0.6011289954185486 0.05517101287841797 0.06895196437835693
0.0 0.4679650068283081 0.20613300800323486 0.023136019706726074 0.026267051696777344
0.0 0.8078919947147369 0.3430520296096802 0.030254989862442017 0.03086400032043457
0.0 0.2294819951057434 0.42776501178741455 0.021356940269470215 0.01641702651977539
0.0 0.17875999212265015 0.5430130064487457 0.060510993003845215 0.03808802366256714
0.0 0.15384399890899658 0.5837270021438599 0.11390197277069092 0.07223498821258545
0.0 0.15161901712417603 0.68715500831604 0.04538297653198242 0.025610923767089844
0.0 0.12314397096633911 0.7252430319786072 0.05962097644805908 0.0269240140914917
0.0 0.06619197130203247 0.7465849816799164 0.024026036262512207 0.018387019634246826
0.0 0.02881801128387451 0.9521280229091644 0.04004395008087158 0.05253499746322632
0.0 0.21924901008605957 0.14736002683639526 0.17174303531646729 0.06107199192047119
0.0 0.4225819706916809 0.4428679943084717 0.051612019538879395 0.06501197814941406
0.0 0.26819097995758057 0.9600079953670502 0.03826403617858887 0.0774889588356018
0.0 0.3131290078163147 0.9291439950466156 0.09254598617553711 0.059101998805999756
0.0 0.20990502834320068 0.8592070043087006 0.051612019538879395 0.07814604043960571
0.0 0.243274986743927 0.2842789888381958 0.0169069766998291 0.027580976486206055
