0.0 0.46806199848651886 0.30949902534484863 0.13700798153877258 0.22601497173309326
0.0 0.8574859984219074 0.9250219762325287 0.08669499307870865 0.1401960253715515
0.0 0.4796929955482483 0.7028419971466064 0.14456498622894287 0.2647590637207031
0.0 0.6461929976940155 0.4863229990005493 0.08428800106048584 0.19852805137634277
0.0 0.8852669969201088 0.42168498039245605 0.08433200418949127 0.16301703453063965
0.0 0.35723698139190674 0.07335501909255981 0.07737898826599121 0.12781000137329102
0.0 0.7667810097336769 0.8844030201435089 0.08044399321079254 0.07153397798538208
0.0 0.5626870095729828 0.5217199921607971 0.03850799798965454 0.0894860029220581
0.0 0.6538020074367523 0.7144190073013306 0.04008197784423828 0.09698498249053955
0.0 0.8998240008950233 0.6517359912395477 0.0714309960603714 0.12962502241134644
0.0 0.03761798143386841 0.8448919653892517 0.07391297817230225 0.2741810083389282
0.0 0.7707859948277473 0.034496009349823 0.0797090083360672 0.06492900848388672
