0.0 0.5125895675844627 0.27982530031298586 0.0704738125048564 0.07792971140153249
0.0 0.8284704137754071 0.06528665232427103 0.0714113417627702 0.07571260176295636
0.0 0.4771088112131783 0.36971419685971263 0.09212794892174853 0.09733688071301017
0.0 0.5510376830367272 0.8886101720270172 0.06859195341782731 0.06164760020326676
0.0 0.543806105725863 0.644959958431552 0.08651667083112924 0.08299979941743074
0.0 0.9218327545730842 0.3397805258402871 0.06912268137229693 0.06500447000316112
0.0 0.18572194725572788 0.397494675096274 0.12887145161323477 0.10995394054990526
0.0 0.8635565331901378 0.43258806996548615 0.054183878585052914 0.047140709871034414
0.0 0.9310040268586673 0.26177369621621716 0.07035579311600082 0.06166018815006152
0.0 0.1739247743238409 0.27651557126299603 0.07379097772845755 0.061211450185346794
0.0 0.9293343502910629 0.11449036120207626 0.042046226703180145 0.051689676286675715
0.0 0.6725795674323065 0.6101203601063088 0.04946810672302415 0.04113062099516218
0.0 0.3629524576797759 0.6105662121517006 0.03867140225781107 0.036599987086216035
0.0 0.3512607504187984 0.38193491537755764 0.03859097992447935 0.04048945163389217
0.0 0.9053603697957512 0.7959030717311559 0.04487880653917964 0.041275501034890416
0.0 0.15566382720869745 0.5281995717174005 0.043372990112748366 0.048796642153811076
0.0 0.2485733660443864 0.713002886974226 0.03994950681670953 0.04462178646105841
0.0 0.3413271597606852 0.4913232486002622 0.04236819071649972 0.0609761514845204
0.0 0.817543779625838 0.18775532356684455 0.04585634087846502 0.046804624787637056
0.0 0.10304923848995934 0.17287321693034563 0.033569201118912206 0.04088950944502878
0.0 0.8144642732941247 0.841494136246392 0.026357835763180293 0.03387933178441793
0.0 0.12139007684247789 0.6946091885770144 0.04320279399524571 0.05807834677774393
0.0 0.7792997119114307 0.29120952495106817 0.05736243364011617 0.042382049266911026
0.0 0.3268722102967298 0.7331374398113781 0.03827456188252221 0.04153890885566314
0.0 0.6129736356539703 0.30639134834161386 0.04731569254717094 0.06007919990742977
0.0 0.03381760993160119 0.1826285296539472 0.06763521986320238 0.092860922845131
0.0 0.8003212216736382 0.3668098740784556 0.05627785883897707 0.06683393941686122
0.0 0.7665353435767652 0.6447519273953276 0.060666702668595085 0.04205045070099955
0.0 0.10364870379742538 0.46453063644772097 0.056209254553303 0.0430651229193349
0.0 0.6246310312351464 0.5522098703016063 0.07474810455982095 0.05105824372545398
0.0 0.45292444031238255 0.2684613858552481 0.047532641697078326 0.07878417548567615
0.0 0.9295854189441102 0.5605524394011636 0.04041809678142716 0.028043455935244266
0.0 0.50393350414947 0.7238634664741088 0.04680500208214983 0.038737699861768005
0.0 0.3225576110678293 0.25630372777239535 0.08257121713320403 0.05500966435337826
0.0 0.19637401345899463 0.7490819254685616 0.03061975517764462 0.025295604962658258
0.0 0.5794543772312781 0.6831169441000116 0.04325425356324597 0.02835074834488871
0.0 0.6819299226112226 0.1713185024432042 0.048982189486415084 0.04432290368714037
0.0 0.9665624644694091 0.4682228524940528 0.05117197874551993 0.048591273600220475
0.0 0.5818697115669358 0.7751861852295336 0.08874452456059267 0.03559672739302988
0.0 0.38312173933311094 0.8058551649378383 0.024757817870040943 0.02696369299485879
0.0 0.45316239014469784 0.8108212122942774 0.08182336346929786 0.11332895522607256
0.0 0.08916479081954164 0.8715947852418996 0.13120104253758572 0.06237432149925537
0.0 0.3234274675457476 0.7995202843289427 0.029577421692986106 0.025260343587999
0.0 0.26329370370794986 0.9147634002820486 0.056518864559488596 0.0641834418027255
0.0 0.5348158579176072 0.06040943945984223 0.03889051140953981 0.05481369202943687
0.0 0.0020641107677502324 0.9147285995101968 0.004128221535500465 0.03217372164676058
0.0 0.46344518145625857 0.5879321662193768 0.024835825148152135 0.04153748031166582
0.0 0.7159099081919681 0.3558375873283244 0.05230491299436735 0.05339803997592113
0.0 0.6878814240641893 0.2166726435418646 0.02292920703003931 0.04214312672788498
0.0 0.4651155554475507 0.12355799487882382 0.02790537725764075 0.024849946785995794
0.0 0.03252261166997225 0.6279484135024538 0.0650452233399445 0.08875330646814061
0.0 0.10123645096725316 0.7435715450330345 0.08866193380802015 0.055818501494932504
0.0 0.4271527331689081 0.7225444226828268 0.08873062593948117 0.05733933372771949
0.0 0.26805512085667726 0.832676626763361 0.04461205517843797 0.07420205065775975
0.0 0.3177278544370584 0.8274265703507601 0.018925452184429925 0.01835246574464655
0.0 0.36709642550777943 0.8450203600075321 0.013122042562272618 0.018075644855643946
0.0 0.5036899775079153 0.4766571912176353 0.023965394366805226 0.0337662633910209
0.0 0.31182383077017284 0.17758271701125838 0.0759177886290166 0.046107345567043184
0.0 0.24772202587770004 0.22062286323234792 0.04316957482349815 0.04226896307759845
0.0 0.2516614916697279 0.29433922521627653 0.025244072518916166 0.030033366856225763
0.0 0.22392586423608407 0.3048269762414737 0.02103330425729749 0.016935454014085416
0.0 0.08824122936647281 0.3875022069416039 0.07163725764377701 0.03148752997775173
0.0 0.9319943747585644 0.5226116886945458 0.0411353417792546 0.029274839416662424
0.0 0.8237898056404624 0.7372736760741205 0.04320890609832018 0.027097445243515872
0.0 0.9173035538706402 0.8800275560828261 0.06434910028471086 0.030382097805092156
0.0 0.5026935751392363 0.5630908731560731 0.0436161181878586 0.05215326258934072
0.0 0.45571212552707463 0.6214245085767178 0.03667925071996114 0.026785982650936457
0.0 0.7572995659835872 0.1653057552815405 0.03591974784170948 0.025990976773251212
0.0 0.5089569840945083 0.8026410793016174 0.03660664714617379 0.04119713558697646
