0.0 0.04960900545120239 0.41495001316070557 0.08401501178741455 0.14804506301879883
0.0 0.4588819742202759 0.5761120021343231 0.07205605506896973 0.061994969844818115
0.0 0.2826930284500122 0.2781149744987488 0.04795801639556885 0.048918962478637695
0.0 0.5766389966011047 0.79025499522686 0.040471017360687256 0.049672991037368774
0.0 0.752315990626812 0.4651489853858948 0.05081801116466522 0.05388998985290527
0.0 0.8433360010385513 0.6901170015335083 0.035218000411987305 0.0490649938583374
0.0 0.41459399461746216 0.10198402404785156 0.053475022315979004 0.08227002620697021
0.0 0.4822859764099121 0.06822502613067627 0.02999401092529297 0.0469820499420166
0.0 0.8790690042078495 0.5139839947223663 0.04329899698495865 0.05077701807022095
0.0 0.4338579773902893 0.4987270385026932 0.030820012092590332 0.04252699017524719
0.0 0.6449159979820251 0.6468479931354523 0.02615898847579956 0.0357549786567688
0.0 0.5045079737901688 0.7026090025901794 0.03241601586341858 0.05321800708770752
0.0 0.7342320084571838 0.5154849886894226 0.022499024868011475 0.030125021934509277
0.0 0.985234999563545 0.5989220142364502 0.029529000632464886 0.06441998481750488
