0.0 0.5948410034179688 0.4335319995880127 0.09235000610351562 0.06370902061462402
0.0 0.7915260046720505 0.7001320123672485 0.04936400055885315 0.03487598896026611
0.0 0.9132680017501116 0.7061859965324402 0.07197299972176552 0.0525059700012207
0.0 0.6766220033168793 0.19354000687599182 0.05815201997756958 0.05671799182891846
0.0 0.24664300680160522 0.25537899136543274 0.04481995105743408 0.02988898754119873
0.0 0.47157903015613556 0.3272800147533417 0.062091976404190063 0.02982199192047119
0.0 0.22718501091003418 0.3187519907951355 0.040428996086120605 0.02672797441482544
0.0 0.5493009984493256 0.7393569946289062 0.04214698076248169 0.03825497627258301
0.0 0.7471680045127869 0.07866799831390381 0.12949198484420776 0.04741799831390381
0.0 0.3666110038757324 0.5906500220298767 0.03848898410797119 0.034806013107299805
0.0 0.5580689907073975 0.20335199683904648 0.10335701704025269 0.09556199610233307
0.0 0.6855239868164062 0.6735230088233948 0.040518999099731445 0.04084300994873047
0.0 0.3228970170021057 0.49146102368831635 0.08257603645324707 0.06889203190803528
0.0 0.7179380059242249 0.7921670079231262 0.0630369782447815 0.05449104309082031
0.0 0.4836689680814743 0.13895100355148315 0.0385570228099823 0.03844800591468811
0.0 0.5798850059509277 0.3327910006046295 0.038214027881622314 0.027263998985290527
0.0 0.6857360005378723 0.46171998977661133 0.07901298999786377 0.052330970764160156
0.0 0.4251980185508728 0.17904099822044373 0.0476609468460083 0.03284600377082825
0.0 0.18942099809646606 0.7774519920349121 0.03956198692321777 0.034147024154663086
0.0 0.33222097158432007 0.664713978767395 0.03553605079650879 0.04011094570159912
0.0 0.5044730007648468 0.853721022605896 0.08784598112106323 0.08597695827484131
0.0 0.6634060144424438 0.5410770177841187 0.060283005237579346 0.034345030784606934
0.0 0.2575399875640869 0.15553300082683563 0.05606997013092041 0.031064987182617188
0.0 0.14253002405166626 0.706430971622467 0.02983999252319336 0.01874995231628418
0.0 0.3498769998550415 0.3463740050792694 0.03313004970550537 0.028464019298553467
0.0 0.7781819999217987 0.13328100368380547 0.03868800401687622 0.0251849964261055
0.0 0.4224950075149536 0.7943450212478638 0.028538942337036133 0.0290219783782959
0.0 0.867504995316267 0.7872300148010254 0.054152004420757294 0.028622984886169434
0.0 0.6971339881420135 0.41475099325180054 0.07777202129364014 0.032859981060028076
0.0 0.6134929955005646 0.6910619735717773 0.06475001573562622 0.044615983963012695
0.0 0.2082880139350891 0.21436099708080292 0.02483999729156494 0.02423998713493347
0.0 0.24177700281143188 0.46078601479530334 0.03658103942871094 0.034467995166778564
0.0 0.3928139805793762 0.017914000898599625 0.04964101314544678 0.02273700013756752
0.0 0.19874197244644165 0.518922969698906 0.03050696849822998 0.06819596886634827
0.0 0.07648599147796631 0.13895699381828308 0.05806100368499756 0.08737599849700928
0.0 0.6942610144615173 0.6270719766616821 0.02206498384475708 0.02047097682952881
0.0 0.6581459939479828 0.2540150061249733 0.02446502447128296 0.01803700625896454
0.0 0.6426239907741547 0.7854700088500977 0.055597007274627686 0.05202198028564453
0.0 0.7032389938831329 0.3067060112953186 0.04630798101425171 0.061949968338012695
0.0 0.1729869842529297 0.9656630158424377 0.04146301746368408 0.027397990226745605
0.0 0.5737920105457306 0.010826000478118658 0.02924501895904541 0.02108400035649538
0.0 0.16115397214889526 0.360929012298584 0.023051023483276367 0.017291009426116943
0.0 0.4670969843864441 0.9176170229911804 0.026749014854431152 0.023931026458740234
0.0 0.5611459910869598 0.1239670030772686 0.027711987495422363 0.04386500269174576
0.0 0.6186470091342926 0.623013973236084 0.053460001945495605 0.040007948875427246
0.0 0.8020060062408447 0.594186007976532 0.041882991790771484 0.039643049240112305
0.0 0.6558389961719513 0.008872999344021082 0.03140801191329956 0.016977998428046703
0.0 0.7543309852480888 0.5982969999313354 0.04542301595211029 0.01819300651550293
0.0 0.3536049723625183 0.9794870018959045 0.02309894561767578 0.03004002571105957
0.0 0.7720489948987961 0.2964229881763458 0.028023988008499146 0.023621976375579834
0.0 0.8332529962062836 0.4202130138874054 0.025806009769439697 0.022327005863189697
0.0 0.9195699989795685 0.40543699264526367 0.02402600646018982 0.01116400957107544
0.0 0.37586402893066406 0.42809298634529114 0.03470504283905029 0.023640990257263184
0.0 0.3571770191192627 0.40773600339889526 0.0560610294342041 0.04728102684020996
0.0 0.2401599884033203 0.3988710045814514 0.05517101287841797 0.06895202398300171
0.0 0.4679650068283081 0.7938669919967651 0.023136019706726074 0.026267051696777344
0.0 0.8078919947147369 0.6569479703903198 0.030254989862442017 0.03086400032043457
0.0 0.2294819951057434 0.5722349882125854 0.021356940269470215 0.01641702651977539
0.0 0.17875999212265015 0.4569869935512543 0.060510993003845215 0.03808802366256714
0.0 0.15384399890899658 0.41627299785614014 0.11390197277069092 0.07223498821258545
0.0 0.15161901712417603 0.31284499168395996 0.04538297653198242 0.02561098337173462
0.0 0.12314397096633911 0.2747569978237152 0.05962097644805908 0.0269240140914917
0.0 0.06619197130203247 0.2534149959683418 0.024026036262512207 0.018387004733085632
0.0 0.02881801128387451 0.04787199851125479 0.04004395008087158 0.05253499932587147
0.0 0.21924901008605957 0.8526399731636047 0.17174303531646729 0.06107199192047119
0.0 0.4225819706916809 0.5571320056915283 0.051612019538879395 0.06501197814941406
0.0 0.26819097995758057 0.03999199904501438 0.03826403617858887 0.07748899981379509
0.0 0.3131290078163147 0.0708559975028038 0.09254598617553711 0.059101998805999756
0.0 0.20990502834320068 0.14079299569129944 0.051612019538879395 0.07814601063728333
0.0 0.243274986743927 0.7157210111618042 0.0169069766998291 0.027580976486206055
