0.0 0.5722940306086189 0.649991583889743 0.5036081432073496 0.2727391719563771
0.0 0.49808348973158756 0.4486029780962005 0.350607664644675 0.20097252837432034
0.0 0.30982116940780574 0.8374491590650848 0.14198620321380592 0.08721519177844195
0.0 0.8570272241062499 0.36691287929775057 0.2742365728640559 0.16967787138894064
0.0 0.28499544897661144 0.506460251914981 0.29349013259025486 0.17975865356992032
0.0 0.8729654813792294 0.8787172825997932 0.08854565177182772 0.05006400842659553
0.0 0.8445056591423595 0.7637001549290778 0.09322469846639736 0.0459192490808189
0.0 0.9630891619998061 0.794393457838305 0.07382167600038769 0.058759149109759545
0.0 0.5225925507866109 0.9844041084094424 0.17108637558800666 0.031191783181115373
0.0 0.08761357749053479 0.5444865029244742 0.17522715498106958 0.1501566090900548
