0.0 0.42242036358011925 0.41397365562900545 0.0792779547662143 0.15149415693677443
0.0 0.2822900497046025 0.3804836071684479 0.12409683654698353 0.12409883159904878
0.0 0.6627385209027993 0.08159074374563846 0.08754685659987338 0.14536595510369954
0.0 0.15906689337830984 0.17352834329458097 0.03779934710963673 0.03852106555559437
0.0 0.04730179349466973 0.4282929441930547 0.06863896172824077 0.11872399746921247
0.0 0.10883286573383433 0.1230160302464462 0.038306724761592234 0.04836581599834498
0.0 0.9901069924090364 0.4915423906143048 0.01978601518192724 0.06424228482465849
0.0 0.5426947328360903 0.43739294098726206 0.032545052596026136 0.0421942637061371
0.0 0.14988036066630517 0.5079337024734194 0.027669314115527754 0.03380386643718852
0.0 0.8729323180226247 0.9175376853825323 0.02974778431721614 0.025412123542933096
