0.0 0.14261698722839355 0.6317909955978394 0.06660199165344238 0.05824398994445801
0.0 0.1432979702949524 0.9142699968069792 0.07690298557281494 0.06720000132918358
0.0 0.843303993344307 0.4351699948310852 0.04629099369049072 0.04078996181488037
0.0 0.8243719898164272 0.5566039979457855 0.13314300030469894 0.08969002962112427
0.0 0.5058690011501312 0.606440007686615 0.09508103132247925 0.08142000436782837
0.0 0.635239988565445 0.2636460065841675 0.041858971118927 0.0342559814453125
0.0 0.07007002830505371 0.5765979886054993 0.05651998519897461 0.0360720157623291
0.0 0.40462201833724976 0.36190497875213623 0.09313702583312988 0.06733894348144531
0.0 0.025250017642974854 0.7441209778189659 0.04816305637359619 0.042433008551597595
0.0 0.8507679998874664 0.6691670119762421 0.07886400818824768 0.05227100849151611
0.0 0.2637370228767395 0.3987429738044739 0.05146503448486328 0.03398394584655762
0.0 0.4740240126848221 0.692427009344101 0.07562997937202454 0.06776303052902222
0.0 0.7198339998722076 0.27416300773620605 0.0418660044670105 0.03895103931427002
0.0 0.145563006401062 0.8005120009183884 0.047976016998291016 0.03911399841308594
0.0 0.1789799928665161 0.7030259966850281 0.062191009521484375 0.03597700595855713
0.0 0.6422249972820282 0.5837810039520264 0.03958398103713989 0.03242999315261841
0.0 0.37128502130508423 0.1374189853668213 0.07532095909118652 0.053367018699645996
0.0 0.3618749976158142 0.6754679977893829 0.052427053451538086 0.05356001853942871
0.0 0.08662700653076172 0.19875800609588623 0.027701973915100098 0.02724599838256836
0.0 0.6408379971981049 0.48361198604106903 0.039627015590667725 0.052054017782211304
0.0 0.940590001642704 0.7604690119624138 0.03446599841117859 0.033655986189842224
0.0 0.024091005325317383 0.6690250039100647 0.0456470251083374 0.0551530122756958
0.0 0.8639979958534241 0.28642600774765015 0.041920006275177 0.047106027603149414
0.0 0.5387620031833649 0.06584799289703369 0.0429379940032959 0.031373023986816406
0.0 0.32590097188949585 0.4486340284347534 0.08192896842956543 0.05073702335357666
0.0 0.6073729991912842 0.377685010433197 0.040319979190826416 0.03188300132751465
0.0 0.9101940020918846 0.4929230362176895 0.057294994592666626 0.035254985094070435
0.0 0.15435802936553955 0.13214099407196045 0.023650050163269043 0.02223503589630127
0.0 0.16147100925445557 0.37670302391052246 0.06042194366455078 0.03213298320770264
0.0 0.5417459905147552 0.6982940137386322 0.04947298765182495 0.06964796781539917
0.0 0.2970200181007385 0.803957000374794 0.04900705814361572 0.03679698705673218
0.0 0.24504899978637695 0.6399160027503967 0.06081199645996094 0.048069000244140625
0.0 0.029053986072540283 0.8755569979548454 0.04355800151824951 0.0467119961977005
0.0 0.6879769861698151 0.6965070068836212 0.09985703229904175 0.051141977310180664
0.0 0.34759700298309326 0.24164700508117676 0.09875702857971191 0.026278972625732422
0.0 0.9351259991526604 0.5624650120735168 0.06491799652576447 0.026573002338409424
0.0 0.3599100112915039 0.3242650032043457 0.046759963035583496 0.02427995204925537
0.0 0.6702300012111664 0.06975501775741577 0.07235997915267944 0.0924680233001709
0.0 0.4385010004043579 0.2858690023422241 0.04819297790527344 0.03246903419494629
0.0 0.7745530009269714 0.23875898122787476 0.033895015716552734 0.021322965621948242
0.0 0.8221420049667358 0.020156025886535645 0.05981498956680298 0.04031205177307129
0.0 0.5613439977169037 0.19578802585601807 0.024843990802764893 0.022282004356384277
0.0 0.9627540009096265 0.3452939987182617 0.057610997930169106 0.04311800003051758
0.0 0.7643750011920929 0.658935010433197 0.027171999216079712 0.024882972240447998
0.0 0.28602898120880127 0.7627969905734062 0.022019028663635254 0.03602300584316254
0.0 0.6267800033092499 0.19739598035812378 0.03125697374343872 0.022202014923095703
0.0 0.8872240036725998 0.12056702375411987 0.1460990011692047 0.04939103126525879
0.0 0.48513199388980865 0.20445698499679565 0.07837799191474915 0.0989149808883667
0.0 0.24338698387145996 0.7103880047798157 0.030184030532836914 0.01867002248764038
0.0 0.8736730068922043 0.23547899723052979 0.08933600783348083 0.0333709716796875
0.0 0.4976799935102463 0.28502899408340454 0.037592023611068726 0.043032050132751465
0.0 0.5008310228586197 0.4080600142478943 0.028435975313186646 0.03660404682159424
0.0 0.5982230007648468 0.9617930017411709 0.030028998851776123 0.02164199948310852
0.0 0.21013200283050537 0.8145730048418045 0.04187297821044922 0.02459201216697693
0.0 0.544526994228363 0.8325259983539581 0.020641982555389404 0.0191819965839386
0.0 0.5678229928016663 0.9028600007295609 0.014154016971588135 0.023117005825042725
0.0 0.46490901708602905 0.8831859976053238 0.04423201084136963 0.06639900803565979
0.0 0.5483599901199341 0.4038810133934021 0.03302699327468872 0.027542948722839355
0.0 0.0898209810256958 0.2973960041999817 0.04659104347229004 0.021149039268493652
0.0 0.42392098903656006 0.211076021194458 0.03656494617462158 0.028527021408081055
0.0 0.685479998588562 0.16312098503112793 0.03833502531051636 0.06344795227050781
0.0 0.27824997901916504 0.2700979709625244 0.01887202262878418 0.023609042167663574
0.0 0.7111349999904633 0.7629290074110031 0.03538602590560913 0.020657986402511597
0.0 0.686365008354187 0.778668999671936 0.029488027095794678 0.010820984840393066
0.0 0.3227769732475281 0.7321889996528625 0.0430530309677124 0.027051985263824463
0.0 0.6275449991226196 0.17231297492980957 0.022687971591949463 0.013808012008666992
