0.0 0.21246200799942017 0.5236919969320297 0.18224596977233887 0.14108899235725403
0.0 0.7095589637756348 0.6619930267333984 0.18256402015686035 0.07106995582580566
0.0 0.2527170181274414 0.2698170021176338 0.10551905632019043 0.05077700316905975
0.0 0.6682829856872559 0.09896299988031387 0.09667706489562988 0.039354994893074036
0.0 0.5085979998111725 0.29966500401496887 0.1582919955253601 0.08358001708984375
0.0 0.05847901105880737 0.24594399333000183 0.09720194339752197 0.08457398414611816
0.0 0.05108600854873657 0.8012589812278748 0.06928694248199463 0.061190009117126465
0.0 0.685920000076294 0.802029013633728 0.08431899547576904 0.03240203857421875
0.0 0.7206250131130219 0.8674119710922241 0.08920997381210327 0.04801499843597412
0.0 0.44411998987197876 0.9253330230712891 0.22327005863189697 0.1406630277633667
0.0 0.26653701066970825 0.8242220282554626 0.5275189876556396 0.2278759479522705
0.0 0.9152679741382599 0.29325398802757263 0.13529902696609497 0.089385986328125
0.0 0.8647029995918274 0.1362140029668808 0.12887096405029297 0.06205800175666809
0.0 0.6908400058746338 0.4856079965829849 0.2883800268173218 0.08520099520683289
0.0 0.806755006313324 0.20864899456501007 0.0899280309677124 0.0716170072555542
