0.0 0.5953934318572283 0.46402215771377087 0.10112893983721727 0.09339671477675443
0.0 0.9038816690444946 0.7286664397269487 0.08342228144407282 0.07251146748661996
0.0 0.4797509498149157 0.827826795578003 0.1022787316143513 0.09282834917306892
0.0 0.08530885983258486 0.19789619125425817 0.06730075649917125 0.0671535500884056
0.0 0.2981184121966362 0.43195139802992344 0.0730307707190514 0.06548460856080052
0.0 0.10318310379981993 0.01534110601991415 0.05561074078083038 0.0306822120398283
0.0 0.6374441304057836 0.07189343668520451 0.06359748408198351 0.0612098716199398
0.0 0.020106915310025217 0.31932507507503033 0.040213830620050434 0.1063314379751682
0.0 0.2309027138724923 0.29500348411500454 0.06796868853271004 0.06762072637677197
0.0 0.8067340495437383 0.0651665074378252 0.08116270825266836 0.07616383329033852
0.0 0.9637342505156994 0.6358858428150416 0.07253149896860123 0.09251989230513569
0.0 0.00044126760214567183 0.4353308369219303 0.0008825352042913437 0.04219890058040621
0.0 0.9507093348354101 0.5371969836950302 0.09858133032917982 0.11891290813684458
