0.0 0.7834079740267027 0.1782747252184802 0.1562701040093184 0.11189357364121182
0.0 0.20423017440343075 0.31606470155765776 0.16691503661955082 0.09843340899424163
0.0 0.6179835925049295 0.7751938432912211 0.28975303955172255 0.1299306427263366
0.0 0.4645082071909375 0.22838095826718635 0.07687762983030144 0.049515470605159706
0.0 0.6171680909863886 0.476455066425026 0.15257568585819692 0.09921531946310957
0.0 0.7189132686270703 0.6418122076911058 0.13382144933621865 0.08139033241760507
0.0 0.822017221378122 0.3126309711875068 0.11328774339982983 0.04860787104916903
0.0 0.4209850637473741 0.014220397245425115 0.1821700678221836 0.02844079449085023
0.0 0.34058867573668095 0.24033630659318928 0.12569503959657308 0.09001213729645954
0.0 0.6639935349754639 0.314549896421187 0.11281667417571484 0.04960839764612429
0.0 0.8038792317748227 0.049085280879232536 0.06479818012579097 0.0474576571915747
0.0 0.029209859146453097 0.1498087165073792 0.058419718292906195 0.20519338411204258
0.0 0.6488984153571843 0.9270679769968703 0.17748656667912965 0.058247451824793295
0.0 0.226657227149263 0.06486287128998833 0.06236150479145419 0.027861603551364487
0.0 0.24721157405780655 0.029147920200514967 0.04526451380466562 0.02926327746105477
0.0 0.27864663467383977 0.18059341313385202 0.09104478927162646 0.05401366907641966
0.0 0.1441951236950933 0.488492565220073 0.13805656939675426 0.12122717470939554
0.0 0.35309820965898453 0.907229329787383 0.04594790585989439 0.020490073922183605
0.0 0.7186050664509329 0.005619408410591748 0.13575657915131822 0.011238816821183497
0.0 0.40827112563622825 0.10780737839947277 0.12200398848665822 0.053612748517953834
0.0 0.47971519085279024 0.6435627586465172 0.1317131904784521 0.08646239405196687
0.0 0.04132276916066413 0.07840100328293526 0.08264553832132826 0.06868162623920646
0.0 0.3755759046270034 0.0391937853729674 0.09344175331780963 0.03679105981307125
