0.0 0.9007520005106926 0.19127899035811424 0.12660099565982819 0.23485899716615677
0.0 0.5601159930229187 0.25348201394081116 0.07269102334976196 0.1519240140914917
0.0 0.41347599029541016 0.647022008895874 0.07819998264312744 0.19846796989440918
0.0 0.9428330007940531 0.5223580151796341 0.10858999565243721 0.20914801955223083
0.0 0.7857889980077744 0.8358359932899475 0.06446599960327148 0.09739100933074951
0.0 0.4965739846229553 0.6008260250091553 0.03738200664520264 0.09357595443725586
0.0 0.32976001501083374 0.5228620320558548 0.03512394428253174 0.08289000391960144
0.0 0.14204001426696777 0.5553650259971619 0.07274293899536133 0.17068099975585938
0.0 0.702336996793747 0.24773600697517395 0.11365801095962524 0.18691998720169067
0.0 0.6643489897251129 0.4007889926433563 0.03678697347640991 0.07218998670578003
0.0 0.7919699996709824 0.09352099895477295 0.036204993724823 0.09021300077438354
0.0 0.8217670023441315 0.7048090100288391 0.03140100836753845 0.07715499401092529
0.0 0.1337760090827942 0.9721310138702393 0.026353955268859863 0.042778968811035156
0.0 0.9903169996105134 0.062380000948905945 0.019365000538527966 0.12288899719715118
0.0 0.8334670066833496 0.5784559845924377 0.03902900218963623 0.055130958557128906
0.0 0.7663149982690811 0.4575909972190857 0.02180999517440796 0.07209497690200806
0.0 0.6905530095100403 0.382315993309021 0.03328901529312134 0.05725198984146118
0.0 0.31748300790786743 0.3240030109882355 0.028697967529296875 0.07209497690200806
0.0 0.11540502309799194 0.3661069869995117 0.12116599082946777 0.11190998554229736
