0.0 0.051913000643253326 0.6307529807090759 0.10382500290870667 0.07836997509002686
0.0 0.56706602871418 0.44130900502204895 0.13714203238487244 0.11754399538040161
0.0 0.9694669842720032 0.7506890296936035 0.05685102939605713 0.04199802875518799
0.0 0.1346529982984066 0.2019219994544983 0.06678099185228348 0.06085500121116638
0.0 0.9438620209693909 0.25333601236343384 0.058547019958496094 0.04476499557495117
0.0 0.6590200066566467 0.9507550001144409 0.06085205078125 0.04847598075866699
0.0 0.29741600155830383 0.8022350072860718 0.05504399538040161 0.03329002857208252
0.0 0.7546830177307129 0.1825920045375824 0.06491899490356445 0.05286601185798645
0.0 0.13546300306916237 0.7538490295410156 0.037800006568431854 0.031147003173828125
0.0 0.062095001339912415 0.959867000579834 0.03371000289916992 0.04308199882507324
0.0 0.8723369836807251 0.32966798543930054 0.07526195049285889 0.0733640193939209
0.0 0.2053689956665039 0.34915900230407715 0.03160199522972107 0.03370898962020874
0.0 0.5963010191917419 0.25570198148489 0.02927100658416748 0.024617984890937805
0.0 0.23082700371742249 0.2442370131611824 0.02770298719406128 0.031014010310173035
0.0 0.03804300166666508 0.7367370128631592 0.06254200264811516 0.049430012702941895
0.0 0.8899840116500854 0.1394840031862259 0.04210805892944336 0.05836400389671326
0.0 0.18090100586414337 0.40248599648475647 0.05842399597167969 0.03462797403335571
0.0 0.5123320370912552 0.5972520112991333 0.0350780189037323 0.04208803176879883
0.0 0.8754540085792542 0.5980409979820251 0.052845001220703125 0.027307987213134766
0.0 0.24560800194740295 0.6314719915390015 0.049021005630493164 0.05019497871398926
0.0 0.7587100267410278 0.7373239994049072 0.06886804103851318 0.06569695472717285
0.0 0.44570600986480713 0.6110129952430725 0.033609986305236816 0.025769948959350586
0.0 0.7906270027160645 0.8686959743499756 0.189924955368042 0.1426769495010376
0.0 0.14674200490117073 0.061677003279328346 0.06128000468015671 0.023264002054929733
0.0 0.0270990002900362 0.14777499437332153 0.04651099815964699 0.06978300213813782
0.0 0.4018639922142029 0.3475539982318878 0.03734201192855835 0.028369009494781494
0.0 0.5165389776229858 0.8632799983024597 0.02974104881286621 0.03503096103668213
0.0 0.491891011595726 0.31019800901412964 0.03014400601387024 0.041312992572784424
0.0 0.22196300327777863 0.9794650077819824 0.029388010501861572 0.02964603900909424
0.0 0.9096860289573669 0.5390229821205139 0.05955696105957031 0.020797014236450195
0.0 0.6910859942436218 0.525530993938446 0.06300103664398193 0.0307919979095459
0.0 0.40685200691223145 0.8765789866447449 0.0858529806137085 0.1094520092010498
0.0 0.45662200450897217 0.7349110245704651 0.04430997371673584 0.06943798065185547
0.0 0.8193179965019226 0.8301209807395935 0.10317301750183105 0.06709897518157959
0.0 0.4617539942264557 0.11465699970722198 0.04342299699783325 0.05152100324630737
0.0 0.6792010068893433 0.7074699997901917 0.036491990089416504 0.07716500759124756
0.0 0.967881977558136 0.3654170036315918 0.022560954093933105 0.036812007427215576
0.0 0.7442299723625183 0.07332099974155426 0.10279405117034912 0.06466899812221527
0.0 0.8677679896354675 0.04196599964052439 0.02229595184326172 0.021786002442240715
0.0 0.46403199434280396 0.04364300146698952 0.039636969566345215 0.020263001322746277
0.0 0.031743002124130726 0.21969099342823029 0.034522002562880516 0.015073001384735107
0.0 0.7031480073928833 0.6039440035820007 0.03183901309967041 0.02856004238128662
0.0 0.3686490058898926 0.630295991897583 0.05326402187347412 0.04408597946166992
0.0 0.913017988204956 0.6323059797286987 0.0261460542678833 0.0173109769821167
0.0 0.3085060119628906 0.9021689891815186 0.030955016613006592 0.025033950805664062
0.0 0.6167770028114319 0.02745700068771839 0.045423030853271484 0.03781599923968315
0.0 0.9476100206375122 0.6523339748382568 0.040501952171325684 0.02757394313812256
0.0 0.6501479744911194 0.30566200613975525 0.024132966995239258 0.023845016956329346
0.0 0.3148150146007538 0.4810830056667328 0.06742197275161743 0.03628098964691162
0.0 0.26806899905204773 0.5692459940910339 0.05663400888442993 0.05877494812011719
0.0 0.32020899653434753 0.5326020121574402 0.029666006565093994 0.02176797389984131
0.0 0.10760500654578209 0.5667060017585754 0.03775600343942642 0.024670958518981934
