0.0 0.5790330171585083 0.9196130037307739 0.07998299598693848 0.07780599594116211
0.0 0.23479900509119034 0.7551249861717224 0.0601000040769577 0.1089479923248291
0.0 0.5105239897966385 0.1209850013256073 0.06325802206993103 0.10325402021408081
0.0 0.26917100697755814 0.6146900057792664 0.06642501056194305 0.11619794368743896
0.0 0.5121139883995056 0.40426796674728394 0.05155003070831299 0.06493699550628662
0.0 0.4739849865436554 0.8947479724884033 0.03553801774978638 0.05958902835845947
0.0 0.7920269966125488 0.519959956407547 0.056970953941345215 0.06804400682449341
0.0 0.17236299812793732 0.3272689878940582 0.03345400094985962 0.062490999698638916
0.0 0.1446409970521927 0.4502999782562256 0.02327600121498108 0.05047297477722168
0.0 0.6490010023117065 0.2352689802646637 0.03355705738067627 0.08328801393508911
0.0 0.7280759811401367 0.17057600617408752 0.03621494770050049 0.07703500986099243
0.0 0.8606719970703125 0.2890929877758026 0.05302906036376953 0.16054803133010864
0.0 0.4016830027103424 0.18181699514389038 0.02923297882080078 0.04728102684020996
0.0 0.8609709739685059 0.15643000602722168 0.03459596633911133 0.0469590425491333
0.0 0.03400500304996967 0.02772599458694458 0.06629100069403648 0.05185997486114502
0.0 0.636684000492096 0.42494499683380127 0.03969001770019531 0.04877603054046631
0.0 0.7797030210494995 0.07459300756454468 0.05201303958892822 0.08498096466064453
0.0 0.2719219923019409 0.9703580141067505 0.04226201772689819 0.053501009941101074
0.0 0.4774720072746277 0.8154259920120239 0.023671984672546387 0.06108403205871582
0.0 0.8366010189056396 0.48638999462127686 0.021131038665771484 0.04708504676818848
0.0 0.32985201478004456 0.06339800357818604 0.04096502065658569 0.07733500003814697
0.0 0.6892049908638 0.6651859879493713 0.02015697956085205 0.037933945655822754
0.0 0.3733690083026886 0.6269069910049438 0.04101300239562988 0.12395799160003662
0.0 0.25348300486803055 0.40102100372314453 0.02331601083278656 0.02669501304626465
0.0 0.7149509787559509 0.10408899188041687 0.01625800132751465 0.02865701913833618
0.0 0.017497999593615532 0.5401989817619324 0.014357000589370728 0.026294946670532227
0.0 0.634099006652832 0.6966320276260376 0.02945995330810547 0.03264904022216797
0.0 0.6703310012817383 0.803259015083313 0.015267014503479004 0.021780967712402344
0.0 0.7840499877929688 0.9861519932746887 0.01758897304534912 0.02514505386352539
0.0 0.6872190237045288 0.18660801649093628 0.015823960304260254 0.030387043952941895
0.0 0.4054670035839081 0.30376702547073364 0.018317997455596924 0.027356982231140137
0.0 0.3809340000152588 0.42318999767303467 0.017664015293121338 0.03682708740234375
0.0 0.4532240033149719 0.6446760296821594 0.035327017307281494 0.037878990173339844
