0.0 0.5485603827238082 0.8523119926452636 0.11923207104206085 0.09183845520019529
0.0 0.171774118244648 0.49709920883178715 0.08264283657073976 0.10400962829589849
0.0 0.6637699015438556 0.4073519706726074 0.05537404686212544 0.07748165130615237
0.0 0.8346811214089394 0.27037601470947265 0.04403255760669711 0.047795200347900385
0.0 0.25216771602630617 0.07583842277526856 0.04201237052679063 0.03544797897338867
0.0 0.3125138385593891 0.4700320243835449 0.06336488932371137 0.0574928283691406
0.0 0.43474115878343583 0.6043135643005371 0.03940669298171995 0.04533920288085935
0.0 0.7911490172892809 0.9307519912719726 0.024564448446035447 0.034696006774902366
0.0 0.6119150137156248 0.4338560104370117 0.03415510073304173 0.03170719146728518
0.0 0.5629166273027658 0.08888959884643555 0.027777419239282564 0.06666717529296876
