0.0 0.31425100564956665 0.6986240148544312 0.030725955963134766 0.07718300819396973
0.0 0.44436001777648926 0.4340819716453552 0.03587996959686279 0.05533301830291748
0.0 0.4577850103378296 0.5293590128421783 0.02177596092224121 0.04498797655105591
0.0 0.12854701280593872 0.6485120058059692 0.019425034523010254 0.04476499557495117
0.0 0.4754030108451843 0.7814610004425049 0.0274430513381958 0.033102989196777344
0.0 0.7911739945411682 0.876268994063139 0.014106005430221558 0.031040005385875702
0.0 0.5214749872684479 0.21649998426437378 0.023455023765563965 0.03130900859832764
0.0 0.5215499997138977 0.8950439989566803 0.014648020267486572 0.023949995636940002
0.0 0.6265160143375397 0.8425779938697815 0.014584004878997803 0.02539399266242981
0.0 0.8221029937267303 0.7810479998588562 0.017242997884750366 0.029026001691818237
0.0 0.40540099143981934 0.6213040053844452 0.016738057136535645 0.027002990245819092
0.0 0.2894359827041626 0.8562079966068268 0.013911008834838867 0.02497801184654236
0.0 0.5904220044612885 0.718286007642746 0.020233988761901855 0.033666014671325684
0.0 0.4845079779624939 0.5092310160398483 0.01454305648803711 0.03257998824119568
