0.0 0.5272095163166253 0.8664735229372844 0.20541047584622674 0.10226300529701915
0.0 0.056630726896628875 0.44617341650358366 0.11326145379325775 0.08270360292019435
0.0 0.7708787112246109 0.6838393973347703 0.10090051055690885 0.039881756423272186
0.0 0.5007945865177468 0.13191467882819458 0.11444039191158822 0.036747769788036816
0.0 0.1848964938928893 0.6407371152557981 0.11524158231142717 0.05964150644506383
0.0 0.4993775283080304 0.9428811599345397 0.12706666404157385 0.04308115110313071
0.0 0.870338857293103 0.3330166398007036 0.11425161086946123 0.042621125827516926
0.0 0.4793339041712623 0.04377390424498919 0.09531603254687132 0.04452426384020293
0.0 0.19106399826204495 0.5052031582462319 0.09946354443556207 0.05397132944034172
0.0 0.36138709871447855 0.21226369456909355 0.22624488452565328 0.07121738469087349
