0.0 0.4763080030679703 0.21246200799942017 0.14108899235725403 0.18224596977233887
0.0 0.33800697326660156 0.7095589637756348 0.07106995582580566 0.18256402015686035
0.0 0.7301829978823662 0.2527170181274414 0.05077700316905975 0.10551905632019043
0.0 0.9010370001196861 0.6682829856872559 0.039354994893074036 0.09667706489562988
0.0 0.7003349959850311 0.5085979998111725 0.08358001708984375 0.1582919955253601
0.0 0.7540560066699982 0.05847901105880737 0.08457398414611816 0.09720194339752197
0.0 0.19874101877212524 0.05108600854873657 0.061190009117126465 0.06928694248199463
0.0 0.19797098636627197 0.685920000076294 0.03240203857421875 0.08431899547576904
0.0 0.13258802890777588 0.7206250131130219 0.04801499843597412 0.08920997381210327
0.0 0.07466697692871094 0.44411998987197876 0.1406630277633667 0.22327005863189697
0.0 0.17577797174453735 0.26653701066970825 0.2278759479522705 0.5275189876556396
0.0 0.7067460119724274 0.9152679741382599 0.089385986328125 0.13529902696609497
0.0 0.8637859970331192 0.8647029995918274 0.06205800175666809 0.12887096405029297
0.0 0.5143920034170151 0.6908400058746338 0.08520099520683289 0.2883800268173218
0.0 0.7913510054349899 0.806755006313324 0.0716170072555542 0.0899280309677124
