0.0 0.07148139481105681 0.5453033826652488 0.05933580284791902 0.11385851289354632
0.0 0.2860541946554217 0.7525298281580628 0.05715250185521853 0.08823676935647118
0.0 0.6091392940998226 0.4810055758355291 0.03789005873863571 0.0645377259629204
0.0 0.555874638441725 0.2512603029949433 0.05781356880939714 0.07870872328983708
0.0 0.7297768765934303 0.5230897218225878 0.03531617084631844 0.05812724739848679
0.0 0.6900218506495205 0.13489857551716372 0.028159585776526663 0.04367748299110105
0.0 0.9406218763921416 0.5815652446488817 0.0467332360337247 0.07702650266468658
0.0 0.5856023030154025 0.40847220884040897 0.029641475286761643 0.047564331362758505
0.0 0.2759230833652654 0.6353739927658719 0.0366760551176733 0.06669085750586234
0.0 0.6817063173239737 0.3444197552159135 0.030978545523919654 0.04363508166172009
0.0 0.633605283449951 0.030887818620658758 0.024684073642988857 0.044762024789109095
0.0 0.5159423431356611 0.5572229226030443 0.04270774919330317 0.06746732230800323
0.0 0.42532337505284257 0.17773806608019677 0.025429671744261306 0.04449350746134392
0.0 0.24866440002111276 0.34907929737062426 0.04312511816418957 0.061608926445773704
0.0 0.7624428297761263 0.16438449403234037 0.034597432788832205 0.06863530267049989
0.0 0.46396085458835384 0.2895886279341673 0.027355724739380305 0.04349752940325691
0.0 0.2829166796259073 0.18729286773505566 0.02626760942174383 0.04172373856043529
0.0 0.9368916672884633 0.721529756043485 0.06941900299208015 0.07929896061709507
0.0 0.511922707883464 0.19892941830471564 0.03412422261995657 0.06487510159854376
0.0 0.4587798769662884 0.5877306215942484 0.021874807218804804 0.04028906245089703
0.0 0.6598661560779644 0.4910733242361843 0.02624808601168016 0.04121600865255032
0.0 0.7610939347044723 0.3032615784065422 0.02789215027023184 0.040999173928255916
0.0 0.8299176134367932 0.3217273135801769 0.03690736697028918 0.05699222549407407
0.0 0.5552561690729706 0.593644522559604 0.021784373270263613 0.039015923618568094
0.0 0.6694094074179228 0.244615413121349 0.031698313300870806 0.04974427557267766
0.0 0.6871573869477507 0.39143435994639664 0.023849450578506293 0.042141177447835576
0.0 0.19762973770032338 0.5738820289883335 0.026281282128161748 0.04283275891260496
0.0 0.005980345491205854 0.37911694581691185 0.011960690982411709 0.04143105443843531
0.0 0.7922336680223054 0.22140297131168793 0.01772508034348541 0.02859610260856338
0.0 0.34570133613376386 0.41535597037986005 0.028649106755528897 0.061053068472561034
