0.0 0.6157959997653961 0.11079198122024536 0.06362402439117432 0.06568896770477295
0.0 0.2634490132331848 0.11164599657058716 0.08705794811248779 0.04934501647949219
0.0 0.21322500705718994 0.39055097103118896 0.11975395679473877 0.11246395111083984
0.0 0.6398150026798248 0.34016698598861694 0.10198897123336792 0.06715404987335205
0.0 0.10088402032852173 0.6996999979019165 0.06359302997589111 0.04111301898956299
0.0 0.15813398361206055 0.5619809925556183 0.04075896739959717 0.0372539758682251
0.0 0.5757240056991577 0.8318289965391159 0.05140101909637451 0.04435700178146362
0.0 0.7723290026187897 0.46174198389053345 0.06609100103378296 0.05313396453857422
0.0 0.3619319796562195 0.8711339943110943 0.044502973556518555 0.05659600347280502
0.0 0.37533801794052124 0.09730398654937744 0.0589369535446167 0.037364959716796875
0.0 0.34922999143600464 0.3796039819717407 0.03252995014190674 0.024495959281921387
0.0 0.4806479811668396 0.5857099890708923 0.09136497974395752 0.05049997568130493
0.0 0.25068199634552 0.963450999930501 0.07051706314086914 0.057145003229379654
0.0 0.8089469969272614 0.35752999782562256 0.046229004859924316 0.047726988792419434
0.0 0.2655450105667114 0.7840690016746521 0.07171499729156494 0.042690008878707886
0.0 0.48598699271678925 0.5070250034332275 0.05495700240135193 0.03154397010803223
0.0 0.15812599658966064 0.9716720003634691 0.07354998588562012 0.0544000007212162
0.0 0.6971380114555359 0.6739760041236877 0.05956202745437622 0.050575971603393555
0.0 0.11782097816467285 0.7441720142960548 0.03627502918243408 0.0221949964761734
0.0 0.05017298460006714 0.2688930034637451 0.07313394546508789 0.09525299072265625
0.0 0.4687569737434387 0.9832109995186329 0.05660295486450195 0.03166700154542923
0.0 0.19572597742080688 0.21146297454833984 0.026586055755615234 0.04618704319000244
0.0 0.41728901863098145 0.8120699971914291 0.03595399856567383 0.020774006843566895
0.0 0.029094994068145752 0.8906020000576973 0.027402043342590332 0.0338750034570694
0.0 0.4507489800453186 0.7312990128993988 0.045400023460388184 0.046948015689849854
0.0 0.01653498411178589 0.38372498750686646 0.031474947929382324 0.05519604682922363
0.0 0.4321029782295227 0.6495710015296936 0.04134202003479004 0.0403289794921875
0.0 0.6949209868907928 0.2747250199317932 0.060144007205963135 0.05273604393005371
0.0 0.6811229884624481 0.9338509999215603 0.1302669644355774 0.12414401024580002
0.0 0.262969970703125 0.8669780045747757 0.05380403995513916 0.05169099569320679
0.0 0.15028101205825806 0.6580379903316498 0.028599977493286133 0.01976698637008667
0.0 0.06831401586532593 0.9110179990530014 0.027295947074890137 0.015365004539489746
0.0 0.1141890287399292 0.9190779998898506 0.02067697048187256 0.015245005488395691
0.0 0.7679280117154121 0.5307829976081848 0.03657598793506622 0.024443984031677246
0.0 0.4565669894218445 0.32900601625442505 0.05619800090789795 0.04205203056335449
0.0 0.38810598850250244 0.30184000730514526 0.09815394878387451 0.04491901397705078
0.0 0.29791200160980225 0.9068429991602898 0.029273033142089844 0.019501999020576477
0.0 0.5284000039100647 0.8799229972064495 0.04762399196624756 0.057837001979351044
0.0 0.6466749906539917 0.46526598930358887 0.03175097703933716 0.042428016662597656
0.0 0.20664602518081665 0.8343330025672913 0.026826024055480957 0.01833900809288025
0.0 0.3637070059776306 0.8082350045442581 0.034613966941833496 0.02257099747657776
0.0 0.47793400287628174 0.8653679974377155 0.031152963638305664 0.026802994310855865
0.0 0.5389409959316254 0.9655260005965829 0.03374898433685303 0.03244599886238575
0.0 0.7903250008821487 0.7207719907164574 0.04153701663017273 0.06348101794719696
0.0 0.19279998540878296 0.6297830045223236 0.07009303569793701 0.04091000556945801
0.0 0.6202839910984039 0.7398169934749603 0.025094985961914062 0.035266995429992676
0.0 0.7405680119991302 0.7941280007362366 0.05797898769378662 0.02257099747657776
0.0 0.5216339975595474 0.44392502307891846 0.06144002079963684 0.04161500930786133
0.0 0.6094669997692108 0.432640016078949 0.043268024921417236 0.01622295379638672
0.0 0.23952901363372803 0.5454950034618378 0.045863986015319824 0.06982898712158203
0.0 0.3442370295524597 0.9390759989619255 0.026826024055480957 0.02327600121498108
0.0 0.3637459874153137 0.9799419995397329 0.02934396266937256 0.040116000920534134
0.0 0.5212009996175766 0.3829129934310913 0.08999702334403992 0.02398204803466797
0.0 0.31697797775268555 0.2975670099258423 0.017307043075561523 0.009875059127807617
0.0 0.39918702840805054 0.028126001358032227 0.04153704643249512 0.03949904441833496
0.0 0.2936139702796936 0.03271001577377319 0.02596104145050049 0.043025970458984375
0.0 0.46754902601242065 0.07185697555541992 0.03634500503540039 0.06489205360412598
0.0 0.4411560297012329 0.18294799327850342 0.07009303569793701 0.017634034156799316
0.0 0.6843200027942657 0.43792998790740967 0.03547900915145874 0.02398204803466797
0.0 0.6419180035591125 0.5088169872760773 0.01644200086593628 0.030330002307891846
0.0 0.7319140136241913 0.5581910014152527 0.023364007472991943 0.013401985168457031
0.0 0.1646760106086731 0.8882910013198853 0.0224989652633667 0.014811992645263672
