0.0 0.03200117111206055 0.4792555943131447 0.0640023422241211 0.2108943302929402
0.0 0.5676291418075561 0.2198979507386684 0.16561213731765745 0.1393637055158615
0.0 0.28148376166820527 0.6850927902758122 0.09669068455696106 0.13664951294660566
0.0 0.8456055057048797 0.08609121199697256 0.1631247639656067 0.17218242399394512
0.0 0.5782077205181122 0.46216674502938987 0.28067407608032224 0.24562451086938386
0.0 0.0005911624431610107 0.9761747744679451 0.0011823248863220214 0.04765045106410981
0.0 0.7688066464662552 0.5863025761023164 0.11200180649757385 0.0927363973110914
0.0 0.2340805184841156 0.46948873493820426 0.08273831605911253 0.08762368224561212
0.0 0.6821185630559922 0.7197315832972526 0.10017326474189758 0.10882731705904003
0.0 0.7945464384555816 0.9925241802632809 0.09809449911117551 0.01495163947343825
0.0 0.2688226354122162 0.9373645433038473 0.08431642055511476 0.07787537947297096
0.0 0.6937590551376343 0.017862831093370914 0.07746262550354 0.03572566218674183
0.0 0.019664645791053773 0.2661356742121279 0.039329291582107545 0.16938059817999604
0.0 0.4155944001674652 0.2809662146866322 0.05448821783065799 0.05632786855101585
0.0 0.26446466267108915 0.21113044604659081 0.17564032673835756 0.11761655524373052
0.0 0.7842412841320038 0.4245846373587847 0.1228172779083252 0.07307132750749584
0.0 0.2702865582704544 0.0686994380876422 0.07013488411903379 0.06569304428994656
0.0 0.047838680148124695 0.9174272704124451 0.07222217917442321 0.0791348531842232
0.0 0.10661325573921204 0.9406196118891239 0.1403701901435852 0.11876077622175218
0.0 0.9928429281711578 0.9633299834281206 0.014314143657684353 0.07334003314375881
0.0 0.9536007350683212 0.8987820447981358 0.09279852986335757 0.20243591040372844
