0.0 0.31163005709648134 0.9104443264007569 0.27666642904281613 0.17911134719848631
0.0 0.6709868252277373 0.9824890774488448 0.19424401164054872 0.03502184510231021
0.0 0.9336285996437073 0.275992231965065 0.11488355636596681 0.15261216759681703
0.0 0.7403378999233245 0.7446500802040099 0.11162982702255253 0.10643402338027952
0.0 0.06453523755073548 0.42216476440429684 0.11825644969940186 0.11743118762969967
0.0 0.3220961672067642 0.4768775635957718 0.16452364444732667 0.15071123242378232
0.0 0.3345121079683304 0.10350537836551667 0.15521583199501038 0.1343276560306549
0.0 0.9990281340479851 0.05573186695575714 0.001943731904029855 0.11146373391151428
0.0 0.014012938439846039 0.2505257034301758 0.028025876879692078 0.09736740589141846
0.0 0.6438150680065156 0.2781575793027878 0.13157914161682138 0.29999966025352476
