0.0 0.04250875381117771 0.41829986823034704 0.08501750762235542 0.1338568454989058
0.0 0.8199919778399327 0.7733648818108823 0.36001604432013445 0.2390020300611715
0.0 0.517189335115996 0.4635627085699282 0.12501719290675878 0.06619463413439614
0.0 0.8967515258183993 0.5073242918318817 0.14335706564751294 0.09409682632813943
0.0 0.012469900689164011 0.20296142879210102 0.024939801378328023 0.18518681125580844
0.0 0.7694927049675395 0.9677186456215034 0.08647132096616172 0.04566988037891351
0.0 0.21102478639290886 0.1639749021543197 0.09571455888681729 0.048569410966609994
0.0 0.5565526535481689 0.0026023177147012104 0.07437317878205507 0.005204635429402421
0.0 0.6342061544701015 0.9989263182078969 0.19111331391742747 0.0021473635842061967
0.0 0.4190372691142086 0.038010345071253185 0.050636743594595635 0.028921679954605595
0.0 0.14763918121803093 0.05927686749067817 0.14947827554294751 0.057103415337766375
0.0 0.4412435030190228 0.5908652126864868 0.11432619465240329 0.07100411737396473
0.0 0.4959005862697937 0.9931580826257662 0.08085481773805597 0.01368383474846746
0.0 0.4013353554915786 0.6310046877633382 0.11089776167863002 0.07340141601485717
0.0 0.12077244555668373 0.17084823268219013 0.11633592861836402 0.07200755428176073
0.0 0.3130206578069027 0.143141013447951 0.10660015553793944 0.07417167452525145
0.0 0.21831555386358392 0.2045931654855245 0.06124660651200267 0.02959596889857663
