0.0 0.5326810230306309 0.04659338899294283 0.06683027620683751 0.09318677798588566
0.0 0.17064739358634057 0.15558286641589714 0.08599079435253656 0.13935800832802162
0.0 0.4785067168222683 0.8352360524306407 0.09682915715883667 0.15315235222426282
0.0 0.24163236447146988 0.0640340033256498 0.08435314163861612 0.1280680066512996
0.0 0.28396764095893656 0.7810644150608438 0.0777129726861775 0.12245375251942892
0.0 0.7484122347910529 0.3520018205857016 0.0659023737294474 0.09669049113086936
0.0 0.43825427078741735 0.5415062964731452 0.09000021842168959 0.11824445637880776
0.0 0.1452908424064216 0.35451305665940225 0.0619099633368706 0.10668677503705676
0.0 0.6317730573846683 0.14508852331400143 0.07308328156909794 0.10295809680510105
0.0 0.16685776576006733 0.6233319771166235 0.05389970862412549 0.08151610774283646
0.0 0.34431946845965733 0.44764685473199356 0.053797125939448576 0.09027009795866958
0.0 0.1343415303134572 0.6979536812257443 0.04510409605992814 0.06762679046830322
0.0 0.6002357644846206 0.9775782994938369 0.038431316252583 0.04484340101232609
0.0 0.011756658032702998 0.43335641884830506 0.023513316065405996 0.09296859692961756
0.0 0.1298738525465763 0.5061092179061097 0.08127791329852006 0.1364001292057564
0.0 0.37820443108771407 0.3656900387038048 0.04054144487734429 0.0777229886689157
0.0 0.5508006924908355 0.4017606846987317 0.04317034466122349 0.05891881782023861
0.0 0.3597862791169825 0.6553640579032713 0.036623912369891154 0.06163569329207719
0.0 0.42057193290248085 0.7360500713074741 0.036438172163535565 0.0633934405406964
0.0 0.6122695503394975 0.39456784631345376 0.02560438532886511 0.042727861623148566
0.0 0.8000835313662891 0.3526697484552253 0.027205345498144573 0.04899157886239336
0.0 0.28283622753815574 0.1868020109097811 0.038038030547011215 0.06997172288375073
0.0 0.5522076868383405 0.500007668553281 0.02162384988322663 0.0320384981433558
0.0 0.005081951570434964 0.5761452193141118 0.010163903140869929 0.044120215197134716
0.0 0.33808417231766397 0.1521823685048338 0.06581417104958825 0.1269411221081177
0.0 0.597374266744956 0.74133979656712 0.02511715553019289 0.03924921549514082
0.0 0.40282276932675154 0.21254783584627707 0.04175533799067627 0.07159399998957741
0.0 0.8829372506536108 0.8570281314739913 0.04397207070882725 0.05811723544202918
0.0 0.8845350329761682 0.6603318302709723 0.0307207132266325 0.04186220162727694
0.0 0.6444211358798286 0.45746898530837027 0.06907136261246305 0.09930290114186235
0.0 0.40096115202578175 0.008232979824980112 0.0273497731083418 0.016465959649960223
0.0 0.22521171869251844 0.13505072097121762 0.029483005703370424 0.045954790401150455
