0.0 0.5236919969320297 0.21246200799942017 0.14108899235725403 0.18224596977233887
0.0 0.6619930267333984 0.7095589935779572 0.07106995582580566 0.18256402015686035
0.0 0.2698170021176338 0.2527170181274414 0.05077700316905975 0.10551905632019043
0.0 0.09896299988031387 0.6682829856872559 0.039354994893074036 0.09667700529098511
0.0 0.29966500401496887 0.5085979998111725 0.08358001708984375 0.1582919955253601
0.0 0.24594399333000183 0.05847901105880737 0.08457398414611816 0.09720194339752197
0.0 0.8012589812278748 0.05108600854873657 0.061190009117126465 0.06928694248199463
0.0 0.802029013633728 0.685920000076294 0.03240203857421875 0.08431899547576904
0.0 0.8674119710922241 0.7206250205636024 0.04801499843597412 0.08920998871326447
0.0 0.9253330230712891 0.44411997497081757 0.1406630277633667 0.22327002882957458
0.0 0.8242220282554626 0.26653701066970825 0.2278759479522705 0.5275189876556396
0.0 0.29325398802757263 0.9152679927647114 0.089385986328125 0.13529900461435318
0.0 0.1362140029668808 0.8647029995918274 0.06205800175666809 0.12887099385261536
0.0 0.4856079965829849 0.6908399984240532 0.08520099520683289 0.2883800119161606
0.0 0.20864899456501007 0.806755006313324 0.0716170072555542 0.08992800116539001
