0.0 0.34749412289082127 0.10658974324487788 0.16925613489609775 0.10340636687737186
0.0 0.6107290425556634 0.46822012302109794 0.08004115264523581 0.07822241488269638
0.0 0.2682779579642171 0.34936072765210135 0.06094704017657249 0.0532953614529213
0.0 0.8546167568315883 0.5452488303994496 0.059842089943622945 0.04632647163976644
0.0 0.5724409509910238 0.7639764536154183 0.06663995871487938 0.05680436870438277
0.0 0.8205333171497109 0.8139414782839733 0.05792727551937349 0.04125394165346197
0.0 0.12453199184445532 0.5026389687837052 0.095743932412669 0.06389134018098741
0.0 0.10752000262741382 0.5721810495643687 0.05454140744057105 0.03597129893652151
0.0 0.6528858225567252 0.8761479165932522 0.061651415768197104 0.04918248545358528
0.0 0.5269517142023739 0.45698525017047265 0.05028163824743059 0.03603602752461804
0.0 0.7278563858764968 0.633004147246826 0.042336084813919594 0.030531271733047594
0.0 0.7488484525549959 0.4910556356341058 0.06139324631316079 0.03926926060447755
0.0 0.6183955805912889 0.7387439124856027 0.03578394223156567 0.026158519638054267
0.0 0.7643983862433701 0.963008738087451 0.07190287290489594 0.03833940538001679
