0.0 0.8257430547826383 0.8919585231668764 0.04314582994187777 0.09785715100460046
0.0 0.29162465700006923 0.22131959015555702 0.03739330991484463 0.05492033181525194
0.0 0.6279592893672803 0.4988258247597608 0.02948116733664352 0.0458001002617332
0.0 0.36923939771115266 0.48087298466743805 0.02922188635191819 0.05513156337063141
0.0 0.5461694094689098 0.673606447137308 0.024628850471682062 0.03488962031536025
0.0 0.4398589552509433 0.21475836268263734 0.028296702255950323 0.04013341265552689
0.0 0.8100072175803872 0.7955442205523934 0.031030072210610604 0.05700483060632888
0.0 0.6816725882737056 0.6854844096320113 0.02992771375928238 0.045280853331383764
0.0 0.771735678766133 0.3032134221614272 0.019278132421262306 0.03366840218332762
0.0 0.346556339955195 0.5792152251066225 0.031780486359911375 0.05054819705304847
0.0 0.31493433354180056 0.9535893607806376 0.027198674282637836 0.044675177915759146
0.0 0.717876879945409 0.45182980501505 0.021424020169916735 0.0318230000231684
0.0 0.592749724421219 0.19196558824397528 0.014622347680150471 0.028127666306548282
0.0 0.5084274458751443 0.10632031656341454 0.017418885525970818 0.03052425410868874
0.0 0.7563898299072188 0.19731079893798825 0.015554792365461534 0.031320784431672744
0.0 0.5954906076319187 0.28943065334736484 0.018370948257174335 0.0303814001235983
0.0 0.08552192254280869 0.7002622130224319 0.037952171171103694 0.05609438814880219
0.0 0.308592937008787 0.6228180543512101 0.02701931650679079 0.04729914046232098
0.0 0.3460830333491961 0.36572347135133304 0.01895259219437767 0.031746659766565655
0.0 0.8067159231811825 0.3600132028962889 0.027414121080449272 0.05450632044196907
0.0 0.7317503408702835 0.37056475691571866 0.019483118352408124 0.033875408695025255
0.0 0.5430408376078099 0.3025826677543121 0.02357818531498701 0.03752745269430696
0.0 0.038735716950553126 0.7112999324240705 0.016240558103868437 0.02750045703710191
0.0 0.5209275139778485 0.6297278671330592 0.024462261855367373 0.04719239543335374
0.0 0.421275485787742 0.25153332805158535 0.020564752159280386 0.03806863904087815
0.0 0.2471009518161147 0.812802354289961 0.019676931672688247 0.03563186241983951
0.0 0.8172327528725918 0.4216657497508254 0.01482288335070081 0.020116220262909268
0.0 0.5135891550691879 0.5767595599570303 0.04672012570363765 0.05478337761200225
0.0 0.3049676715452339 0.2739350441795818 0.01769949276697169 0.04341685236705578
0.0 0.2822994157135241 0.07304446863147131 0.014416078806653077 0.026337394722491296
