0.0 0.09921185473657543 0.300996361959991 0.08649382592462525 0.11741418130557693
0.0 0.5207531388246138 0.18983807468336727 0.11598532027074343 0.15148498922845877
0.0 0.8047733079475503 0.74816406956361 0.08540636846838678 0.10747829656983965
0.0 0.5991904103594112 0.41657702676732783 0.14146098898441106 0.16653401451347505
0.0 0.9794393147776946 0.6176948636714443 0.04112137044461073 0.09968192254794339
0.0 0.8534390114884931 0.299395058448734 0.07355214912162145 0.10383920980692615
0.0 0.6344978404107264 0.19800137820724067 0.09723366093634955 0.1055221252049783
0.0 0.6005498036831279 0.7093278654881805 0.050144422994300664 0.07283913082562543
0.0 0.27312500825460195 0.6584746434334079 0.05605886905396157 0.07289781751539182
0.0 0.5312736216035929 0.7469789951425416 0.07500905735194846 0.10565910081701668
0.0 0.39231431547281104 0.7987218694701979 0.05526277071542923 0.061716593015074706
0.0 0.2798489966647728 0.1878555168874442 0.04751907019675189 0.06613444018209913
0.0 0.6583159131550909 0.5224946421433538 0.03244043483829273 0.04220743411123151
0.0 0.3528462506001413 0.9668965591693353 0.055635598744051606 0.0662068816613296
0.0 0.12314540895505087 0.7586629092172856 0.07581447193458687 0.09371657396563349
0.0 0.9113343993880179 0.390740321615138 0.05408904206664389 0.07540722537585542
0.0 0.5382715860991792 0.9757246204154403 0.0625078253857152 0.04855075916911944
0.0 0.23408184000736865 0.7949524515769643 0.06105077723310934 0.0693624072305572
0.0 0.6109317566458836 0.05213786327489091 0.04535543230078398 0.054006111156943815
0.0 0.29021268269257633 0.48657154274297565 0.059263136657922044 0.08294095300421761
0.0 0.4207943518808292 0.4470763851414271 0.04775705725148449 0.058611455633473086
0.0 0.18057500491500958 0.9530579591308677 0.05219999680394111 0.07453414360302324
0.0 0.11244209215529782 0.18005143310282257 0.03864818894623895 0.04013874206715881
0.0 0.45774611027952505 0.742808672363096 0.04665617334328215 0.056885200883162734
0.0 0.30745049441030825 0.8130352048781406 0.03250340175822464 0.04562530719058577
0.0 0.32409608936479817 0.03223836998881699 0.04781914526885128 0.06447673997763398
0.0 0.10099566993280841 0.5237669798326585 0.0403923524770807 0.046751471699648106
0.0 0.4116911745353533 0.05877836011226842 0.048896294729641576 0.06489731800557005
0.0 0.744562580181919 0.297080170857269 0.0474594673930917 0.047163875310844317
0.0 0.8846257462138452 0.7706141767821164 0.077671508523251 0.09409956444693013
0.0 0.061904365309551006 0.6739229004814762 0.09365774478733215 0.10806043828981682
0.0 0.2591348106680318 0.5242551148380916 0.03259514102825678 0.04435952142585886
0.0 0.20226961050106096 0.701809257222524 0.06900183007659755 0.08122134683923488
0.0 0.48747353481461203 0.0513546171489523 0.0685318185173841 0.09106486153335386
0.0 0.09805176576556433 0.8355656269933913 0.03987298641222706 0.05591653926809326
0.0 0.29412924662805945 0.9543708400311852 0.06737294367644486 0.07425726949203049
0.0 0.7061069740655004 0.8349159007477744 0.05192807780839426 0.05590928658526406
0.0 0.22897930804334976 0.20465959308955173 0.0436840850023463 0.04970506383597231
0.0 0.3439671355553299 0.5052345911157375 0.02803796118527585 0.03829271285917263
0.0 0.6779435967272838 0.7173550254517824 0.048279879827030636 0.07066139958587403
0.0 0.28627503448745373 0.8953252625619188 0.0288642580410019 0.03597428980161521
0.0 0.331652580889648 0.26102789059545994 0.024279623851376997 0.028591123678400526
0.0 0.2103795370103061 0.1689720257232969 0.025865311587369516 0.028644370852562995
0.0 0.7367675303595206 0.5431889869671448 0.11374668259067078 0.17461488840630546
0.0 0.37222468952266363 0.0027514568773877946 0.02543677235817332 0.005502913754775589
0.0 0.2884468720969082 0.7625470583985207 0.030432618972493886 0.04548289428568797
0.0 0.37960990311250165 0.31144389564610964 0.01892111920228251 0.024286376735899118
0.0 0.017305206967218562 0.4248133933602088 0.034610413934437124 0.09597351531820841
0.0 0.05199527293683804 0.48026287173777904 0.04251956859938456 0.05696303800551722
0.0 0.17628242211377915 0.7767360255752287 0.06413319180955501 0.07468975820202794
0.0 0.2213211340411016 0.9916863465310468 0.043061387454905536 0.016627306937906483
0.0 0.17767291832950827 0.826225527590837 0.030338016861953282 0.032882007057328466
0.0 0.10128507197832878 0.5752925913437763 0.029821458721206867 0.042601827837267625
0.0 0.1112760451703451 0.6157382822629087 0.018958629453926318 0.028067098825800718
0.0 0.058348666080024994 0.1631084834709169 0.030139164610777334 0.032909105845980696
0.0 0.20896735109060283 0.6384625257514005 0.029143103655320607 0.0359385206021301
0.0 0.77324607269457 0.6402352696690163 0.050719644416377885 0.04988392894317595
0.0 0.9653305252289663 0.4545138264829909 0.06120559897775191 0.0573057084191711
0.0 0.7648123830506193 0.011260672176804182 0.053481482443115014 0.022521344353608364
0.0 0.9250498614034732 0.2919215058825979 0.02479334277093559 0.02962020078317662
0.0 0.6627067150912437 0.8520285506343936 0.03278360918217049 0.03750098341386254
0.0 0.7438560153845306 0.8616407926962468 0.03042670676002479 0.051415007816224434
0.0 0.13858934668798656 0.39045354489587947 0.030355518509850216 0.04408736292057264
0.0 0.37235519889691093 0.221651582007924 0.041935607833474164 0.0625573424740983
0.0 0.48342454394344464 0.8196202964513304 0.0486199278116165 0.05410289769664334
0.0 0.7214367201592666 0.6685964837632393 0.04781152136328226 0.08058623273750376
0.0 0.7159227634785943 0.447647256360898 0.024901433992602695 0.032864099723693196
0.0 0.4214638480070686 0.2541694958019442 0.023089121147952862 0.02961239112918243
0.0 0.8683487927975372 0.49817175347033116 0.052562887959219706 0.09285342014925968
0.0 0.45858829614071606 0.9599409029085281 0.041118444390150555 0.051876255092392576
