0.0 0.3032093012332916 0.27752807818353176 0.10218525171279907 0.0928266052901745
0.0 0.08254287824034691 0.1514476476237178 0.15834170371294023 0.18906604163348673
0.0 0.4766899347305298 0.18294226735830307 0.08846444129943842 0.07036419451236725
0.0 0.9631966972351074 0.26870447050780055 0.0713478088378906 0.07152364514768123
0.0 0.563403571844101 0.36856368228793146 0.19190178155899051 0.21542736262083056
0.0 0.927839138507843 0.405958303809166 0.08854493618011472 0.07463571786880491
0.0 0.6461938536167144 0.8511122211068869 0.11648229360580442 0.14716327503323556
0.0 0.7801279520988464 0.4633730274438858 0.06428525447845468 0.05882983982563017
0.0 0.1512564530968666 0.8043970695137977 0.13646783292293546 0.1609646847844124
0.0 0.12398506313562394 0.8357980011403561 0.22743714034557344 0.24311894148588187
0.0 0.961833815574646 0.7286202317476274 0.07633236885070804 0.17152386099100114
0.0 0.27505942881107326 0.1652141996100545 0.06597676157951354 0.057272985503077495
0.0 0.49991526126861574 0.5331309653073549 0.08700896739959713 0.13359752222895627
0.0 0.9468439960479735 0.9162300493568183 0.0738712787628174 0.08134644582867623
0.0 0.06508688032627105 0.5440691725164652 0.1301737606525421 0.1495508851110935
0.0 0.1588922142982483 0.7122643476724625 0.10608264684677125 0.06183322846889494
0.0 0.2672853195667267 0.38179010670632124 0.040642659664154035 0.05320012204349045
