0.0 0.5936246893647084 0.5164558223650257 0.07628838761091472 0.042691621787247835
0.0 0.06536773211869353 0.23503703320246222 0.12053201878826965 0.0597189657123709
0.0 0.6458690010432248 0.6058014634095812 0.06619837594562528 0.035180570556556545
0.0 0.4656725260162466 0.2928529423696595 0.09809615290142981 0.05521384956093889
0.0 0.5659410787698717 0.6184734739980577 0.049713958965507565 0.02765137508988169
0.0 0.6343062726215469 0.705630568158364 0.04696519223214379 0.028429551078292148
0.0 0.4197246356448408 0.660252374932644 0.08531022388541165 0.05304721597485562
0.0 0.5975488758809651 0.8275329142935681 0.07446643752422111 0.03560015098149749
0.0 0.32850786966408907 0.6541201625524793 0.07381857886265969 0.03691406358412663
0.0 0.5491680829287369 0.46724497640360907 0.04419577547886633 0.02230103275774159
0.0 0.3498464330981709 0.7960335670010459 0.04796763123413195 0.024182605294632897
0.0 0.3683755304005403 0.3304559602550087 0.07165661036052856 0.03664478968774354
0.0 0.8163308453943331 0.6684438706841209 0.06501624924370475 0.03514653584199334
0.0 0.05294747512258982 0.5108567831130449 0.04635367331179729 0.025063732583394394
0.0 0.48929766797739715 0.7917331697412978 0.047235042667033766 0.026402179002992465
0.0 0.13127832477768855 0.42488764925971345 0.06446287130676072 0.038666262264995754
0.0 0.3393425881992249 0.5867246293522306 0.04552823006813439 0.025356864248872846
0.0 0.7893142879518871 0.8090503095974466 0.061812575956250226 0.03413588403180878
0.0 0.21382473170127392 0.6054660872448614 0.04685502532585553 0.024409050787683406
0.0 0.5464504075252936 0.7370897347366356 0.054190517436755736 0.03128077175271371
0.0 0.6735317420074847 0.6906315981334519 0.04120594393017285 0.022066533119099785
0.0 0.7139067639568888 0.6345187934151157 0.04266182066079571 0.02404053155084729
0.0 0.6961023311300496 0.7723488049509568 0.042532260028944835 0.025564393583805134
0.0 0.6649926594484176 0.5264108464879205 0.04112526437239716 0.020557796593810962
0.0 0.2332844735755168 0.3051446675162514 0.04685784805528037 0.02569358996011306
0.0 0.41068163776376077 0.35297847089223056 0.037441055887116326 0.02139823244628658
