0.0 0.20076700299978256 0.14093900099396706 0.107682004570961 0.2057340070605278
0.0 0.9188780188560486 0.8275769948959351 0.05407297611236572 0.16561901569366455
0.0 0.8165609836578369 0.44508999586105347 0.07357704639434814 0.14897501468658447
0.0 0.3992129862308502 0.23369400203227997 0.04742997884750366 0.16485700011253357
0.0 0.019308999180793762 0.09583199955523014 0.03793700039386749 0.08622400090098381
0.0 0.6113409996032715 0.21912098675966263 0.041635990142822266 0.09622298181056976
0.0 0.2978309988975525 0.21641699969768524 0.02253502607345581 0.05892300605773926
0.0 0.6112560033798218 0.552390992641449 0.031733036041259766 0.09264397621154785
0.0 0.6022610068321228 0.8919280171394348 0.03429901599884033 0.16033399105072021
0.0 0.7130079865455627 0.9699980020523071 0.0385669469833374 0.057348012924194336
0.0 0.014100999571383 0.6012210249900818 0.02032499946653843 0.035629987716674805
0.0 0.10588199645280838 0.10888200253248215 0.022230997681617737 0.0712599903345108
0.0 0.11128000169992447 0.027094999328255653 0.013973996043205261 0.0534450002014637
0.0 0.45013999938964844 0.027905000373721123 0.018419981002807617 0.045347001403570175
